1100 	 42.8267 	 4.82671 
1101 	 41.1197 	 3.11968 
1102 	 39.7536 	 1.75364 
1103 	 41.82 	 3.82 
1104 	 39.7143 	 1.71431 
1105 	 42.088 	 4.08804 
1106 	 40.154 	 2.15398 
1107 	 40.0045 	 2.00448 
1108 	 43.2133 	 5.21326 
1109 	 42.669 	 4.66901 
1110 	 36.9262 	 -1.07376 
1111 	 36.5894 	 -1.41063 
1112 	 35.7455 	 -2.25446 
1113 	 40.9156 	 2.91558 
1114 	 40.3778 	 2.37781 
1115 	 39.5238 	 1.52376 
1116 	 37.7363 	 -0.263745 
1117 	 39.3082 	 1.30819 
1118 	 40.6893 	 2.68927 
1119 	 41.2527 	 3.25275 
1120 	 39.471 	 1.47103 
1121 	 39.3839 	 1.38389 
1122 	 42.2819 	 4.28189 
1123 	 41.4314 	 3.43139 
1124 	 37.9004 	 -0.0995969 
1125 	 39.9399 	 1.93994 
1126 	 38.6984 	 0.698352 
1127 	 42.1995 	 4.19948 
1128 	 40.7709 	 2.77088 
1129 	 38.6962 	 0.696211 
1130 	 38.2681 	 0.26806 
1131 	 40.2706 	 2.27056 
1200 	 41.2489 	 3.2489 
1201 	 41.4845 	 3.48448 
1202 	 39.7953 	 1.7953 
1203 	 38.0608 	 0.0607844 
1204 	 42.9984 	 4.99836 
1205 	 40.6761 	 2.67605 
1206 	 39.871 	 1.87101 
1207 	 43.7219 	 5.72188 
1208 	 39.9305 	 1.93055 
1209 	 35.3914 	 -2.60864 
1210 	 41.597 	 3.59705 
1211 	 36.605 	 -1.39503 
1212 	 36.8939 	 -1.10606 
1213 	 40.6603 	 2.66032 
1214 	 42.9254 	 4.92541 
1215 	 41.6521 	 3.65214 
1216 	 37.2817 	 -0.718308 
1217 	 38.4676 	 0.467551 
1218 	 39.1042 	 1.1042 
1219 	 43.0934 	 5.09341 
1220 	 44.3292 	 6.32923 
1221 	 39.1682 	 1.16825 
1222 	 39.4814 	 1.4814 
1223 	 41.347 	 3.34698 
1224 	 36.2666 	 -1.73337 
1225 	 39.6801 	 1.68008 
1226 	 33.4555 	 -4.54452 
1227 	 40.2938 	 2.29376 
1228 	 39.3732 	 1.37322 
1229 	 39.8602 	 1.86023 
1230 	 39.6895 	 1.6895 
1231 	 44.5475 	 6.5475 
1400 	 38.978 	 0.97798 
1401 	 39.1647 	 1.16472 
1402 	 38.0566 	 0.056599 
1403 	 39.6595 	 1.65954 
1404 	 37.9943 	 -0.00570752 
1405 	 39.2498 	 1.24976 
1406 	 43.4177 	 5.4177 
1407 	 43.1624 	 5.16242 
1408 	 40.1959 	 2.19594 
1409 	 38.0685 	 0.0684962 
1410 	 39.3933 	 1.39331 
1411 	 39.4886 	 1.48863 
1412 	 39.8235 	 1.82349 
1413 	 41.6319 	 3.63193 
1414 	 35.9456 	 -2.05436 
1415 	 37.9681 	 -0.0319414 
1416 	 39.2354 	 1.23541 
1417 	 39.0998 	 1.0998 
1418 	 38.6326 	 0.632607 
1419 	 38.3418 	 0.341818 
1420 	 42.5259 	 4.52587 
1421 	 41.7105 	 3.71047 
1422 	 41.7802 	 3.78019 
1423 	 42.6064 	 4.6064 
1424 	 39.1834 	 1.18341 
1425 	 43.3532 	 5.35316 
1426 	 40.6897 	 2.68973 
1427 	 40.6657 	 2.66568 
1428 	 40.1302 	 2.13023 
1429 	 37.8414 	 -0.158584 
1430 	 37.6176 	 -0.382393 
1431 	 39.8662 	 1.86625 
1500 	 40.3378 	 2.33777 
1501 	 44.1274 	 6.12743 
1502 	 39.3753 	 1.37532 
1503 	 40.0077 	 2.00769 
1504 	 39.5887 	 1.58871 
1505 	 41.1433 	 3.14327 
1506 	 42.1947 	 4.19466 
1507 	 36.9682 	 -1.03182 
1508 	 35.7805 	 -2.21951 
1509 	 40.3171 	 2.31707 
1510 	 45.5686 	 7.56865 
1511 	 40.3387 	 2.33866 
1512 	 40.1668 	 2.16683 
1513 	 35.8572 	 -2.14281 
1514 	 40.3509 	 2.35087 
1515 	 42.2436 	 4.24355 
1516 	 37.8374 	 -0.162623 
1517 	 42.4973 	 4.49731 
1518 	 36.8937 	 -1.10625 
1519 	 39.9031 	 1.90306 
1520 	 41.187 	 3.18704 
1521 	 43.131 	 5.13103 
1522 	 40.691 	 2.691 
1523 	 41.1469 	 3.14692 
1524 	 39.1794 	 1.1794 
1525 	 39.0309 	 1.03089 
1526 	 42.5653 	 4.56532 
1527 	 44.4963 	 6.4963 
1528 	 40.4529 	 2.45295 
1529 	 36.2892 	 -1.71082 
1530 	 41.5336 	 3.53364 
1531 	 38.6926 	 0.692612 
1600 	 39.8328 	 1.83279 
1601 	 39.7531 	 1.75313 
1602 	 37.54 	 -0.460002 
1603 	 40.5224 	 2.52236 
1604 	 39.9979 	 1.99794 
1605 	 40.0205 	 2.02055 
1606 	 44.3494 	 6.34943 
1607 	 42.2416 	 4.24163 
1608 	 42.0559 	 4.05588 
1609 	 40.1658 	 2.16577 
1610 	 40.4568 	 2.45681 
1611 	 38.758 	 0.758044 
1612 	 42.6862 	 4.68619 
1613 	 38.5841 	 0.584057 
1614 	 41.519 	 3.51903 
1615 	 38.5126 	 0.512591 
1616 	 40.4488 	 2.44876 
1617 	 40.3234 	 2.32339 
1618 	 39.1828 	 1.18279 
1619 	 37.4701 	 -0.529896 
1620 	 40.331 	 2.33105 
1621 	 40.1771 	 2.17709 
1622 	 38.486 	 0.486043 
1623 	 37.3219 	 -0.678095 
1624 	 36.7096 	 -1.29038 
1625 	 40.2 	 2.20003 
1626 	 39.3862 	 1.38624 
1627 	 40.8178 	 2.81784 
1628 	 46.4539 	 8.45389 
1629 	 38.1371 	 0.137093 
1630 	 38.285 	 0.28503 
1631 	 40.3217 	 2.32171 
1700 	 38.054 	 0.0539946 
1701 	 41.7945 	 3.79452 
1702 	 44.3593 	 6.35928 
1703 	 40.1091 	 2.10914 
1704 	 40.9809 	 2.98088 
1705 	 41.8716 	 3.8716 
1706 	 41.2494 	 3.24935 
1707 	 38.8874 	 0.887421 
1708 	 40.5182 	 2.51823 
1709 	 42.3601 	 4.36011 
1710 	 39.6793 	 1.67932 
1711 	 41.6902 	 3.69021 
1712 	 40.7217 	 2.72171 
1713 	 38.5707 	 0.570658 
1714 	 38.6596 	 0.659591 
1715 	 39.2308 	 1.23081 
1716 	 42.7687 	 4.76866 
1717 	 41.5417 	 3.54172 
1718 	 38.2782 	 0.278179 
1719 	 37.3411 	 -0.658867 
1720 	 39.5623 	 1.56227 
1721 	 37.3161 	 -0.683898 
1722 	 36.8739 	 -1.12614 
1723 	 42.7685 	 4.76852 
1724 	 38.1023 	 0.102277 
1725 	 37.6583 	 -0.341713 
1726 	 40.5262 	 2.52618 
1727 	 36.3044 	 -1.69563 
1728 	 39.0118 	 1.01185 
1729 	 42.5484 	 4.54845 
1730 	 42.3568 	 4.35678 
1731 	 38.9966 	 0.99655 
1800 	 42.0028 	 4.00281 
1801 	 36.859 	 -1.14095 
1802 	 38.0142 	 0.0142292 
1803 	 38.0716 	 0.0715895 
1804 	 40.7868 	 2.78678 
1805 	 43.6589 	 5.65888 
1806 	 44.5991 	 6.5991 
1807 	 37.9528 	 -0.0471631 
1808 	 38.614 	 0.614019 
1809 	 42.2374 	 4.23735 
1810 	 37.4438 	 -0.55615 
1811 	 41.9385 	 3.93849 
1812 	 41.8034 	 3.8034 
1813 	 40.2058 	 2.20581 
1814 	 36.3919 	 -1.60809 
1815 	 42.6566 	 4.6566 
1816 	 40.6002 	 2.60016 
1817 	 42.2935 	 4.29355 
1818 	 39.8344 	 1.83441 
1819 	 43.9766 	 5.97662 
1820 	 40.1109 	 2.11087 
1821 	 40.1017 	 2.10168 
1822 	 40.8941 	 2.89407 
1823 	 40.4385 	 2.43846 
1824 	 41.4905 	 3.49051 
1825 	 41.278 	 3.27803 
1826 	 36.8854 	 -1.11455 
1827 	 40.8523 	 2.85233 
1828 	 39.5956 	 1.59559 
1829 	 40.1853 	 2.18535 
1830 	 39.8015 	 1.8015 
1831 	 41.262 	 3.26201 
1900 	 39.4675 	 1.46746 
1901 	 37.1276 	 -0.872431 
1902 	 40.6902 	 2.69024 
1903 	 37.7146 	 -0.285359 
1904 	 39.8501 	 1.85009 
1905 	 37.2697 	 -0.730282 
1906 	 43.2159 	 5.21591 
1907 	 40.1069 	 2.10694 
1908 	 38.041 	 0.04096 
1909 	 40.14 	 2.13997 
1910 	 39.1109 	 1.11092 
1911 	 40.0391 	 2.03911 
1912 	 39.8269 	 1.82691 
1913 	 39.4297 	 1.42975 
1914 	 40.2937 	 2.29371 
1915 	 41.0805 	 3.08047 
1916 	 39.5722 	 1.57219 
1917 	 42.1656 	 4.16564 
1918 	 42.0878 	 4.08779 
1919 	 41.3281 	 3.32809 
1920 	 41.3124 	 3.31237 
1921 	 37.5725 	 -0.427507 
1922 	 40.2656 	 2.2656 
1923 	 37.4883 	 -0.511745 
1924 	 41.308 	 3.30798 
1925 	 37.0503 	 -0.949744 
1926 	 42.2377 	 4.23774 
1927 	 35.8383 	 -2.16167 
1928 	 37.9173 	 -0.0826579 
1929 	 37.9926 	 -0.00741858 
1930 	 39.1081 	 1.10815 
1931 	 40.3825 	 2.38248 
2000 	 38.1849 	 0.184876 
2001 	 39.9498 	 1.94978 
2002 	 38.1815 	 0.18149 
2003 	 42.2843 	 4.28428 
2004 	 34.8875 	 -3.11252 
2005 	 41.5559 	 3.55595 
2006 	 36.2288 	 -1.77119 
2007 	 38.7232 	 0.723236 
2008 	 39.8614 	 1.86145 
2009 	 39.7988 	 1.79882 
2010 	 39.292 	 1.29198 
2011 	 40.9645 	 2.96446 
2012 	 39.62 	 1.61995 
2013 	 44.5844 	 6.5844 
2014 	 40.3745 	 2.37455 
2015 	 38.7702 	 0.770241 
2016 	 37.468 	 -0.532029 
2017 	 42.0455 	 4.04546 
2018 	 41.275 	 3.27498 
2019 	 39.6962 	 1.69622 
2020 	 38.9955 	 0.995524 
2021 	 41.0443 	 3.04434 
2022 	 38.7521 	 0.75212 
2023 	 40.4325 	 2.43251 
2024 	 37.6359 	 -0.364135 
2025 	 37.4813 	 -0.518679 
2026 	 38.6612 	 0.661159 
2027 	 39.3517 	 1.35172 
2028 	 43.4045 	 5.40445 
2029 	 42.4176 	 4.41756 
2030 	 39.8491 	 1.8491 
2031 	 39.205 	 1.205 
2100 	 37.9581 	 -0.0419341 
2101 	 43.8788 	 5.87885 
2102 	 40.7396 	 2.73962 
2103 	 39.9521 	 1.95212 
2104 	 40.4865 	 2.48654 
2105 	 41.4833 	 3.48331 
2106 	 38.9381 	 0.938061 
2107 	 39.3194 	 1.31938 
2108 	 39.9939 	 1.99389 
2109 	 40.2264 	 2.2264 
2110 	 40.143 	 2.14298 
2111 	 40.2602 	 2.26021 
2112 	 40.5724 	 2.57236 
2113 	 40.3228 	 2.32282 
2114 	 36.8425 	 -1.15749 
2115 	 40.053 	 2.05297 
2116 	 37.4085 	 -0.591534 
2117 	 38.9323 	 0.932285 
2118 	 38.4372 	 0.437165 
2119 	 42.0569 	 4.05694 
2120 	 40.7346 	 2.73461 
2121 	 39.685 	 1.68501 
2122 	 39.3531 	 1.35314 
2123 	 41.1101 	 3.11012 
2124 	 41.3419 	 3.34187 
2125 	 43.4321 	 5.4321 
2126 	 43.6802 	 5.68015 
2127 	 38.9662 	 0.96619 
2128 	 39.0761 	 1.07613 
2129 	 39.242 	 1.24198 
2130 	 41.0162 	 3.01621 
2131 	 41.0926 	 3.0926 
2200 	 38.2196 	 0.219639 
2201 	 39.8304 	 1.8304 
2202 	 42.4185 	 4.41853 
2203 	 38.2576 	 0.257646 
2204 	 42.1209 	 4.12086 
2205 	 39.655 	 1.65501 
2206 	 38.341 	 0.341025 
2207 	 38.019 	 0.0189748 
2208 	 40.9343 	 2.93433 
2209 	 37.3066 	 -0.693361 
2210 	 42.1845 	 4.18455 
2211 	 39.9627 	 1.96272 
2212 	 38.58 	 0.580009 
2213 	 38.3776 	 0.377584 
2214 	 38.5516 	 0.5516 
2215 	 41.1251 	 3.12506 
2216 	 38.9257 	 0.925725 
2217 	 38.6794 	 0.679443 
2218 	 39.6458 	 1.64585 
2219 	 37.027 	 -0.972991 
2220 	 41.8778 	 3.87783 
2221 	 39.7351 	 1.73515 
2222 	 41.8818 	 3.88183 
2223 	 37.9485 	 -0.0514614 
2224 	 43.0695 	 5.06951 
2225 	 39.4835 	 1.4835 
2226 	 39.4459 	 1.44586 
2227 	 38.734 	 0.734014 
2228 	 40.9795 	 2.97948 
2229 	 38.3878 	 0.387752 
2230 	 40.4965 	 2.49652 
2231 	 41.0824 	 3.08244 
2300 	 39.4517 	 1.4517 
2301 	 39.0574 	 1.0574 
2302 	 36.6838 	 -1.3162 
2303 	 37.7619 	 -0.238131 
2304 	 38.8347 	 0.834745 
2305 	 39.6919 	 1.69187 
2306 	 41.7389 	 3.73892 
2307 	 38.9627 	 0.96271 
2308 	 42.3835 	 4.38351 
2309 	 40.3967 	 2.39667 
2310 	 38.8865 	 0.886546 
2311 	 41.1699 	 3.16995 
2312 	 38.6599 	 0.659907 
2313 	 41.4086 	 3.40864 
2314 	 40.1639 	 2.16391 
2315 	 40.6493 	 2.64933 
2316 	 39.6546 	 1.6546 
2317 	 41.6809 	 3.6809 
2318 	 41.4307 	 3.43068 
2319 	 38.1169 	 0.11693 
2320 	 37.8273 	 -0.17268 
2321 	 39.3039 	 1.30385 
2322 	 41.4293 	 3.42931 
2323 	 39.663 	 1.66304 
2324 	 40.7555 	 2.75547 
2325 	 39.7801 	 1.78007 
2326 	 40.0948 	 2.09483 
2327 	 41.0231 	 3.02313 
2328 	 43.4295 	 5.42953 
2329 	 37.5758 	 -0.424237 
2330 	 37.4031 	 -0.5969 
2331 	 40.6996 	 2.69959 
2400 	 42.0373 	 4.03734 
2401 	 37.9542 	 -0.0457548 
2402 	 39.4543 	 1.45431 
2403 	 37.7415 	 -0.25848 
2404 	 42.2063 	 4.20629 
2405 	 42.5157 	 4.5157 
2406 	 43.3817 	 5.38174 
2407 	 39.0034 	 1.00343 
2408 	 44.7307 	 6.73066 
2409 	 41.2472 	 3.24725 
2410 	 41.4887 	 3.48866 
2411 	 39.8789 	 1.87885 
2412 	 39.508 	 1.50803 
2413 	 36.209 	 -1.791 
2414 	 42.0032 	 4.00317 
2415 	 36.4552 	 -1.54481 
2416 	 37.7697 	 -0.230326 
2417 	 42.4436 	 4.44363 
2418 	 42.5866 	 4.58664 
2419 	 38.1901 	 0.19009 
2420 	 38.9307 	 0.930746 
2421 	 41.1051 	 3.10513 
2422 	 41.7533 	 3.75334 
2423 	 40.5379 	 2.53794 
2424 	 38.0025 	 0.00249353 
2425 	 38.7714 	 0.7714 
2426 	 36.4056 	 -1.59441 
2427 	 40.9286 	 2.92859 
2428 	 40.6319 	 2.63189 
2429 	 39.9362 	 1.93619 
2430 	 40.9177 	 2.91771 
2431 	 41.4876 	 3.48762 
2600 	 39.4875 	 1.48754 
2601 	 39.6661 	 1.66613 
2602 	 41.1007 	 3.1007 
2603 	 43.6224 	 5.62236 
2604 	 39.1943 	 1.19432 
2605 	 44.5569 	 6.55692 
2606 	 42.6685 	 4.66851 
2607 	 38.9513 	 0.951347 
2608 	 43.3416 	 5.34164 
2609 	 39.4968 	 1.4968 
2610 	 42.0421 	 4.04212 
2611 	 40.1443 	 2.14426 
2612 	 37.2169 	 -0.783097 
2613 	 39.3748 	 1.37475 
2614 	 36.312 	 -1.68801 
2615 	 43.8361 	 5.83614 
2616 	 37.152 	 -0.847961 
2617 	 38.119 	 0.118974 
2618 	 41.4642 	 3.46419 
2619 	 39.3901 	 1.3901 
2620 	 37.5467 	 -0.453303 
2621 	 41.1154 	 3.11541 
2622 	 39.0675 	 1.06747 
2623 	 38.0681 	 0.0681449 
2624 	 37.8439 	 -0.156133 
2625 	 41.237 	 3.23697 
2626 	 40.2889 	 2.2889 
2627 	 39.921 	 1.92097 
2628 	 37.9247 	 -0.0753485 
2629 	 42.6922 	 4.69223 
2630 	 38.3741 	 0.374092 
2631 	 36.3259 	 -1.67405 
2700 	 39.0791 	 1.07908 
2701 	 39.3064 	 1.30638 
2702 	 40.1447 	 2.14469 
2703 	 39.9095 	 1.90955 
2704 	 39.795 	 1.79497 
2705 	 41.6095 	 3.60947 
2706 	 38.3488 	 0.348837 
2707 	 35.6211 	 -2.37892 
2708 	 39.273 	 1.27304 
2709 	 39.0178 	 1.01785 
2710 	 40.6676 	 2.66757 
2711 	 41.2536 	 3.25357 
2712 	 41.2885 	 3.28851 
2713 	 39.9274 	 1.92735 
2714 	 41.3705 	 3.37046 
2715 	 38.2495 	 0.249451 
2716 	 40.9465 	 2.94653 
2717 	 40.0422 	 2.04222 
2718 	 39.8563 	 1.85633 
2719 	 37.8869 	 -0.113082 
2720 	 41.1652 	 3.1652 
2721 	 45.0064 	 7.00641 
2722 	 38.7816 	 0.781567 
2723 	 39.8075 	 1.80748 
2724 	 37.5673 	 -0.432735 
2725 	 42.2729 	 4.27291 
2726 	 40.6192 	 2.61917 
2727 	 41.6224 	 3.62244 
2728 	 39.6887 	 1.6887 
2729 	 40.4113 	 2.41128 
2730 	 38.4328 	 0.432833 
2731 	 44.1794 	 6.17938 
2800 	 40.3518 	 2.35178 
2801 	 39.8017 	 1.80172 
2802 	 36.0972 	 -1.90279 
2803 	 40.4123 	 2.41231 
2804 	 40.8254 	 2.82544 
2805 	 39.5113 	 1.51128 
2806 	 42.1406 	 4.14061 
2807 	 44.4105 	 6.41049 
2808 	 42.4894 	 4.48935 
2809 	 39.6647 	 1.66474 
2810 	 38.193 	 0.192979 
2811 	 41.741 	 3.74103 
2812 	 39.5715 	 1.57155 
2813 	 42.6308 	 4.63082 
2814 	 43.0999 	 5.09992 
2815 	 37.7092 	 -0.290794 
2816 	 36.1578 	 -1.84218 
2817 	 39.887 	 1.887 
2818 	 39.025 	 1.02502 
2819 	 42.0156 	 4.01559 
2820 	 37.6712 	 -0.32884 
2821 	 41.4121 	 3.41212 
2822 	 37.284 	 -0.716022 
2823 	 36.1879 	 -1.81212 
2824 	 39.0036 	 1.00363 
2825 	 43.4223 	 5.42234 
2826 	 39.1252 	 1.12517 
2827 	 41.9906 	 3.99056 
2828 	 37.7462 	 -0.253788 
2829 	 41.7488 	 3.74883 
2830 	 38.5459 	 0.545917 
2831 	 42.1523 	 4.15226 
2900 	 39.6224 	 1.6224 
2901 	 41.508 	 3.50802 
2902 	 40.6793 	 2.67934 
2903 	 43.6163 	 5.6163 
2904 	 42.0497 	 4.0497 
2905 	 41.9166 	 3.91664 
2906 	 41.8984 	 3.89843 
2907 	 38.9076 	 0.907636 
2908 	 35.5133 	 -2.48674 
2909 	 39.7667 	 1.76675 
2910 	 42.8722 	 4.87216 
2911 	 39.6222 	 1.62225 
2912 	 39.0992 	 1.09921 
2913 	 38.1992 	 0.199172 
2914 	 41.3983 	 3.39834 
2915 	 40.1679 	 2.16785 
2916 	 40.0816 	 2.0816 
2917 	 37.9935 	 -0.00652813 
2918 	 34.6335 	 -3.36653 
2919 	 44.1668 	 6.16679 
2920 	 37.276 	 -0.724032 
2921 	 40.2279 	 2.22793 
2922 	 38.4422 	 0.442213 
2923 	 41.6382 	 3.63818 
2924 	 40.3667 	 2.36668 
2925 	 39.188 	 1.18803 
2926 	 41.5904 	 3.59041 
2927 	 41.1117 	 3.11166 
2928 	 41.9323 	 3.9323 
2929 	 40.3928 	 2.39277 
2930 	 40.9572 	 2.95718 
2931 	 41.592 	 3.59195 
3000 	 34.6247 	 -3.37528 
3001 	 41.985 	 3.98502 
3002 	 39.1625 	 1.16251 
3003 	 38.4304 	 0.430365 
3004 	 40.5854 	 2.58542 
3005 	 42.3145 	 4.31448 
3006 	 40.6393 	 2.6393 
3007 	 41.2991 	 3.2991 
3008 	 41.8947 	 3.89466 
3009 	 41.5353 	 3.53527 
3010 	 41.4341 	 3.43406 
3011 	 41.3581 	 3.3581 
3012 	 42.1569 	 4.15689 
3013 	 38.1948 	 0.19477 
3014 	 39.5395 	 1.53947 
3015 	 41.3059 	 3.30585 
3016 	 36.9151 	 -1.08485 
3017 	 41.0063 	 3.00631 
3018 	 39.8469 	 1.84687 
3019 	 35.7652 	 -2.23481 
3020 	 37.1198 	 -0.880193 
3021 	 39.4734 	 1.47343 
3022 	 41.2142 	 3.21419 
3023 	 40.1181 	 2.11811 
3024 	 40.5316 	 2.53162 
3025 	 38.5502 	 0.550151 
3026 	 38.9947 	 0.994727 
3027 	 42.6084 	 4.60841 
3028 	 42.6879 	 4.68793 
3029 	 39.9958 	 1.99578 
3030 	 38.392 	 0.391975 
3031 	 38.8482 	 0.84821 
3100 	 39.0107 	 1.01075 
3101 	 38.4866 	 0.486554 
3102 	 39.3936 	 1.39357 
3103 	 41.4712 	 3.47121 
3104 	 37.378 	 -0.622038 
3105 	 40.7492 	 2.74924 
3106 	 37.6029 	 -0.397054 
3107 	 45.7193 	 7.71928 
3108 	 40.1216 	 2.12158 
3109 	 39.0751 	 1.07508 
3110 	 39.5463 	 1.54627 
3111 	 41.5117 	 3.51169 
3112 	 39.6613 	 1.66129 
3113 	 42.4077 	 4.40765 
3114 	 37.7394 	 -0.26064 
3115 	 40.8583 	 2.85826 
3116 	 41.4474 	 3.44744 
3117 	 39.4976 	 1.49765 
3118 	 39.3123 	 1.31233 
3119 	 36.9328 	 -1.06722 
3120 	 39.5239 	 1.52393 
3121 	 41.2903 	 3.29031 
3122 	 38.0303 	 0.0303406 
3123 	 40.105 	 2.10505 
3124 	 39.4694 	 1.46942 
3125 	 39.9529 	 1.95287 
3126 	 40.8053 	 2.80535 
3127 	 41.8803 	 3.88029 
3128 	 40.9044 	 2.90442 
3129 	 40.2185 	 2.2185 
3130 	 41.3108 	 3.3108 
3131 	 39.8894 	 1.88943 
3200 	 39.3012 	 1.30123 
3201 	 44.4595 	 6.45949 
3202 	 38.8742 	 0.874236 
3203 	 43.2934 	 5.2934 
3204 	 38.8129 	 0.812949 
3205 	 39.5682 	 1.56816 
3206 	 42.7482 	 4.74815 
3207 	 38.9361 	 0.936079 
3208 	 42.8049 	 4.80495 
3209 	 40.7449 	 2.74487 
3210 	 38.4901 	 0.490146 
3211 	 39.5083 	 1.50835 
3212 	 39.5279 	 1.52794 
3213 	 42.9397 	 4.93967 
3214 	 41.5087 	 3.50868 
3215 	 40.9201 	 2.92009 
3216 	 36.7995 	 -1.20045 
3217 	 40.1652 	 2.1652 
3218 	 43.6123 	 5.61225 
3219 	 37.5951 	 -0.404875 
3220 	 39.4607 	 1.46071 
3221 	 41.6706 	 3.67058 
3222 	 42.2465 	 4.24648 
3223 	 41.1235 	 3.12346 
3224 	 38.0809 	 0.0809463 
3225 	 42.2544 	 4.25439 
3226 	 37.5287 	 -0.471294 
3227 	 41.6766 	 3.67664 
3228 	 40.3183 	 2.31825 
3229 	 38.4458 	 0.445832 
3230 	 39.4741 	 1.47409 
3231 	 42.2186 	 4.21861 
3300 	 42.7474 	 4.74737 
3301 	 42.5978 	 4.59784 
3302 	 38.5581 	 0.558074 
3303 	 38.9632 	 0.96324 
3304 	 39.7292 	 1.72924 
3305 	 40.0618 	 2.06179 
3306 	 40.2373 	 2.23734 
3307 	 40.5177 	 2.51772 
3308 	 40.9077 	 2.90772 
3309 	 41.2062 	 3.2062 
3310 	 38.724 	 0.724008 
3311 	 39.1207 	 1.12075 
3312 	 41.9141 	 3.91406 
3313 	 41.7348 	 3.73484 
3314 	 39.4625 	 1.46249 
3315 	 46.1519 	 8.15193 
3316 	 35.8459 	 -2.1541 
3317 	 41.8307 	 3.83071 
3318 	 46.6376 	 8.63756 
3319 	 42.7468 	 4.74678 
3320 	 41.1955 	 3.19547 
3321 	 38.3316 	 0.33155 
3322 	 36.5894 	 -1.41063 
3323 	 42.5245 	 4.52446 
3324 	 41.4278 	 3.42775 
3325 	 40.3959 	 2.39586 
3326 	 40.4948 	 2.4948 
3327 	 44.4222 	 6.42222 
3328 	 38.3521 	 0.352123 
3329 	 37.4598 	 -0.540179 
3330 	 39.2684 	 1.26843 
3331 	 39.4272 	 1.42718 
3400 	 39.5499 	 1.54986 
3401 	 41.6378 	 3.6378 
3402 	 40.4481 	 2.44814 
3403 	 41.3138 	 3.31385 
3404 	 39.015 	 1.01497 
3405 	 38.5644 	 0.564449 
3406 	 37.5473 	 -0.452686 
3407 	 41.4493 	 3.44925 
3408 	 39.8945 	 1.89446 
3409 	 40.8735 	 2.87352 
3410 	 36.4971 	 -1.50289 
3411 	 37.5321 	 -0.467867 
3412 	 36.0002 	 -1.99976 
3413 	 38.7528 	 0.75281 
3414 	 39.292 	 1.29204 
3415 	 37.9166 	 -0.0833866 
3416 	 36.3609 	 -1.63911 
3417 	 38.742 	 0.742023 
3418 	 41.8444 	 3.84444 
3419 	 42.1229 	 4.1229 
3420 	 40.1472 	 2.14723 
3421 	 38.1005 	 0.100542 
3422 	 38.8441 	 0.844128 
3423 	 43.3245 	 5.32453 
3424 	 42.2938 	 4.29385 
3425 	 35.6231 	 -2.37687 
3426 	 38.2353 	 0.235267 
3427 	 42.0087 	 4.00865 
3428 	 39.5209 	 1.52087 
3429 	 38.05 	 0.0500362 
3430 	 38.1711 	 0.171105 
3431 	 41.2985 	 3.29853 
3500 	 37.1207 	 -0.879339 
3501 	 39.4736 	 1.47363 
3502 	 40.9998 	 2.99978 
3503 	 36.8917 	 -1.10828 
3504 	 42.5492 	 4.54918 
3505 	 38.3675 	 0.367511 
3506 	 39.541 	 1.54104 
3507 	 41.946 	 3.94605 
3508 	 39.1345 	 1.13452 
3509 	 34.0848 	 -3.91522 
3510 	 42.7342 	 4.7342 
3511 	 40.7486 	 2.74857 
3512 	 41.0663 	 3.06628 
3513 	 41.2501 	 3.25008 
3514 	 42.3719 	 4.37185 
3515 	 41.4035 	 3.4035 
3516 	 42.8993 	 4.89927 
3517 	 41.0969 	 3.09693 
3518 	 41.4204 	 3.42038 
3519 	 36.5717 	 -1.42833 
3520 	 39.8302 	 1.83025 
3521 	 40.8718 	 2.8718 
3522 	 41.3006 	 3.30059 
3523 	 39.9873 	 1.98732 
3524 	 36.9083 	 -1.09173 
3525 	 41.2633 	 3.26333 
3526 	 38.3385 	 0.338528 
3527 	 42.2618 	 4.26178 
3528 	 41.1307 	 3.13066 
3529 	 37.7351 	 -0.264872 
3530 	 36.2362 	 -1.76378 
3531 	 37.8878 	 -0.112198 
3600 	 39.7243 	 1.72427 
3601 	 39.6746 	 1.67456 
3602 	 35.1614 	 -2.83862 
3603 	 40.3056 	 2.30561 
3604 	 37.7884 	 -0.211565 
3605 	 43.8291 	 5.82912 
3606 	 39.1927 	 1.19266 
3607 	 39.18 	 1.18 
3608 	 39.5704 	 1.57042 
3609 	 39.2585 	 1.25845 
3610 	 42.0987 	 4.09869 
3611 	 44.6914 	 6.69138 
3612 	 38.3963 	 0.396289 
3613 	 42.1163 	 4.11634 
3614 	 39.5337 	 1.53374 
3615 	 40.1876 	 2.18764 
3616 	 39.5572 	 1.55722 
3617 	 39.3398 	 1.33985 
3618 	 41.6336 	 3.63365 
3619 	 36.3783 	 -1.62173 
3620 	 41.4981 	 3.49808 
3621 	 38.2868 	 0.286752 
3622 	 39.5634 	 1.56345 
3623 	 43.0658 	 5.06577 
3624 	 36.5618 	 -1.43824 
3625 	 41.0191 	 3.01905 
3626 	 38.1237 	 0.123683 
3627 	 40.8918 	 2.89183 
3628 	 40.2633 	 2.26331 
3629 	 40.4007 	 2.40067 
3630 	 40.8408 	 2.84084 
3631 	 39.2181 	 1.21807 
3700 	 39.6495 	 1.64951 
3701 	 42.6706 	 4.67064 
3702 	 38.8562 	 0.856165 
3703 	 41.3063 	 3.30632 
3704 	 39.161 	 1.16103 
3705 	 40.9367 	 2.9367 
3706 	 40.4486 	 2.4486 
3707 	 39.5137 	 1.5137 
3708 	 42.5733 	 4.57327 
3709 	 37.2114 	 -0.788631 
3710 	 42.8277 	 4.8277 
3711 	 38.0243 	 0.0242989 
3712 	 38.777 	 0.777018 
3713 	 39.2561 	 1.2561 
3714 	 37.2744 	 -0.725647 
3715 	 39.7643 	 1.76429 
3716 	 38.6867 	 0.686685 
3717 	 41.6612 	 3.66118 
3718 	 38.6084 	 0.608411 
3719 	 37.7974 	 -0.202574 
3720 	 37.7302 	 -0.269811 
3721 	 39.2547 	 1.25471 
3722 	 35.8055 	 -2.19454 
3723 	 39.0541 	 1.0541 
3724 	 43.6856 	 5.68562 
3725 	 35.1969 	 -2.80314 
3726 	 37.9411 	 -0.0588744 
3727 	 40.9047 	 2.90472 
3728 	 44.4178 	 6.41782 
3729 	 40.6078 	 2.60784 
3730 	 42.2089 	 4.20894 
3731 	 40.1174 	 2.11743 
3800 	 39.5033 	 1.50331 
3801 	 39.3837 	 1.38371 
3802 	 37.6643 	 -0.335749 
3803 	 40.1924 	 2.19241 
3804 	 42.0112 	 4.01118 
3805 	 40.3291 	 2.32909 
3806 	 42.743 	 4.74303 
3807 	 41.2535 	 3.2535 
3808 	 41.7777 	 3.77772 
3809 	 36.0068 	 -1.99315 
3810 	 42.7698 	 4.7698 
3811 	 35.4399 	 -2.56008 
3812 	 38.6773 	 0.677343 
3813 	 40.1803 	 2.18027 
3814 	 41.6034 	 3.60339 
3815 	 40.0447 	 2.04469 
3816 	 38.9573 	 0.95731 
3817 	 38.2798 	 0.279756 
3818 	 40.6816 	 2.68159 
3819 	 39.0197 	 1.01968 
3820 	 41.3278 	 3.32778 
3821 	 38.9871 	 0.987072 
3822 	 37.1655 	 -0.834542 
3823 	 39.2965 	 1.29654 
3824 	 40.5951 	 2.59508 
3825 	 39.3256 	 1.32559 
3826 	 41.0753 	 3.07529 
3827 	 39.0901 	 1.09009 
3828 	 39.0763 	 1.07627 
3829 	 39.9526 	 1.95261 
3830 	 39.4974 	 1.49742 
3831 	 40.9351 	 2.93511 
3900 	 37.8001 	 -0.199861 
3901 	 40.9696 	 2.96959 
3902 	 39.7597 	 1.75974 
3903 	 44.9364 	 6.93638 
3904 	 37.1344 	 -0.865603 
3905 	 42.0217 	 4.02173 
3906 	 43.1658 	 5.1658 
3907 	 43.9272 	 5.92719 
3908 	 42.3341 	 4.33412 
3909 	 41.8682 	 3.86817 
3910 	 42.1377 	 4.13772 
3911 	 42.27 	 4.27 
3912 	 41.225 	 3.22498 
3913 	 36.0101 	 -1.98992 
3914 	 40.9599 	 2.95995 
3915 	 40.8858 	 2.88583 
3916 	 40.5611 	 2.56115 
3917 	 38.8406 	 0.840624 
3918 	 38.8528 	 0.852805 
3919 	 39.0597 	 1.05967 
3920 	 38.3205 	 0.320535 
3921 	 36.7702 	 -1.2298 
3922 	 40.8061 	 2.80613 
3923 	 41.8206 	 3.82057 
3924 	 36.0256 	 -1.97439 
3925 	 40.1776 	 2.17763 
3926 	 41.9371 	 3.93713 
3927 	 37.3579 	 -0.642136 
3928 	 38.4122 	 0.41224 
3929 	 38.7281 	 0.72808 
3930 	 41.2008 	 3.20077 
3931 	 37.6952 	 -0.304781 
4000 	 36.7992 	 -1.20081 
4001 	 37.4686 	 -0.531373 
4002 	 38.4717 	 0.471741 
4003 	 38.9888 	 0.988777 
4004 	 40.3539 	 2.35391 
4005 	 41.0514 	 3.0514 
4006 	 35.3999 	 -2.60006 
4007 	 38.5167 	 0.516741 
4008 	 39.6639 	 1.66386 
4009 	 42.2942 	 4.29421 
4010 	 42.15 	 4.14996 
4011 	 38.4582 	 0.458237 
4012 	 38.7491 	 0.749068 
4013 	 38.9361 	 0.936092 
4014 	 38.2225 	 0.22254 
4015 	 41.2779 	 3.27789 
4016 	 41.5167 	 3.51674 
4017 	 41.8278 	 3.82777 
4018 	 41.3239 	 3.32386 
4019 	 40.0463 	 2.04631 
4020 	 40.052 	 2.05203 
4021 	 40.3158 	 2.31579 
4022 	 37.6396 	 -0.360441 
4023 	 43.3772 	 5.37719 
4024 	 39.9878 	 1.98778 
4025 	 40.1513 	 2.15133 
4026 	 37.5973 	 -0.402721 
4027 	 37.863 	 -0.137049 
4028 	 43.1987 	 5.19871 
4029 	 41.3173 	 3.31733 
4030 	 38.9449 	 0.944865 
4031 	 41.9026 	 3.90258 
4100 	 42.6012 	 4.60122 
4101 	 41.307 	 3.30696 
4102 	 41.2857 	 3.28566 
4103 	 38.0567 	 0.0566986 
4104 	 40.9253 	 2.92534 
4105 	 41.2406 	 3.24064 
4106 	 40.2004 	 2.20037 
4107 	 43.7605 	 5.76045 
4108 	 43.1626 	 5.16255 
4109 	 36.3782 	 -1.62176 
4110 	 39.6857 	 1.68573 
4111 	 38.9408 	 0.940812 
4112 	 39.5797 	 1.57965 
4113 	 40.7871 	 2.78714 
4114 	 40.2247 	 2.22469 
4115 	 38.4827 	 0.482653 
4116 	 39.9076 	 1.90757 
4117 	 41.6893 	 3.68931 
4118 	 40.1589 	 2.15894 
4119 	 39.5145 	 1.51446 
4120 	 42.3481 	 4.34809 
4121 	 39.014 	 1.01396 
4122 	 37.9002 	 -0.099775 
4123 	 39.3578 	 1.35781 
4124 	 42.193 	 4.19299 
4125 	 41.6174 	 3.61737 
4126 	 40.9002 	 2.90017 
4127 	 41.3843 	 3.38428 
4128 	 39.0592 	 1.05919 
4129 	 38.2914 	 0.291448 
4130 	 40.0368 	 2.03678 
4131 	 41.2557 	 3.25574 
4200 	 37.3168 	 -0.683228 
4201 	 44.4166 	 6.41661 
4202 	 40.5349 	 2.53491 
4203 	 37.7799 	 -0.220073 
4204 	 43.9955 	 5.99546 
4205 	 39.5456 	 1.54565 
4206 	 38.9418 	 0.941801 
4207 	 39.254 	 1.25397 
4208 	 42.1168 	 4.11677 
4209 	 41.7328 	 3.73281 
4210 	 41.9148 	 3.91483 
4211 	 41.3774 	 3.37737 
4212 	 38.1664 	 0.166388 
4213 	 39.2003 	 1.20029 
4214 	 42.6649 	 4.66485 
4215 	 37.4501 	 -0.549861 
4216 	 39.2879 	 1.28786 
4217 	 40.4683 	 2.46835 
4218 	 41.4805 	 3.48052 
4219 	 40.8855 	 2.88552 
4220 	 38.7441 	 0.744072 
4221 	 39.7922 	 1.79223 
4222 	 37.6763 	 -0.323722 
4223 	 42.4596 	 4.45959 
4224 	 38.1357 	 0.135687 
4225 	 40.7816 	 2.78158 
4226 	 39.1741 	 1.17413 
4227 	 37.1611 	 -0.838892 
4228 	 39.161 	 1.16099 
4229 	 40.1548 	 2.15481 
4230 	 38.2847 	 0.28475 
4231 	 38.0508 	 0.0508006 
4300 	 38.611 	 0.611036 
4301 	 39.4032 	 1.4032 
4302 	 37.9966 	 -0.00341613 
4303 	 40.2884 	 2.28837 
4304 	 41.9978 	 3.99779 
4305 	 40.0835 	 2.08347 
4306 	 39.9795 	 1.97953 
4307 	 40.2259 	 2.22587 
4308 	 38.8065 	 0.806456 
4309 	 39.7143 	 1.71433 
4310 	 42.2318 	 4.23178 
4311 	 38.0174 	 0.0174484 
4312 	 40.3841 	 2.38407 
4313 	 39.6883 	 1.68829 
4314 	 39.6663 	 1.66627 
4315 	 40.1332 	 2.13317 
4316 	 40.3131 	 2.3131 
4317 	 38.0366 	 0.0366002 
4318 	 39.5217 	 1.52173 
4319 	 38.1621 	 0.162105 
4320 	 40.4064 	 2.40642 
4321 	 41.2004 	 3.20038 
4322 	 41.0574 	 3.05742 
4323 	 36.6955 	 -1.30448 
4324 	 34.3874 	 -3.61263 
4325 	 38.0324 	 0.0323976 
4326 	 39.3653 	 1.36532 
4327 	 41.137 	 3.13702 
4328 	 39.5251 	 1.52513 
4329 	 40.0531 	 2.05306 
4330 	 40.6384 	 2.63844 
4331 	 38.9966 	 0.996602 
4400 	 40.4628 	 2.46281 
4401 	 42.6201 	 4.62012 
4402 	 38.9678 	 0.967794 
4403 	 38.5901 	 0.590114 
4404 	 37.8218 	 -0.178186 
4405 	 42.4726 	 4.47255 
4406 	 37.3247 	 -0.675282 
4407 	 38.4554 	 0.455449 
4408 	 39.3369 	 1.3369 
4409 	 39.1087 	 1.1087 
4410 	 37.3686 	 -0.631411 
4411 	 37.8207 	 -0.179347 
4412 	 40.7316 	 2.73157 
4413 	 38.4956 	 0.49564 
4414 	 41.2696 	 3.26958 
4415 	 40.5022 	 2.50217 
4416 	 38.4427 	 0.44272 
4417 	 40.3189 	 2.3189 
4418 	 39.4386 	 1.43864 
4419 	 44.0699 	 6.0699 
4420 	 39.6749 	 1.67491 
4421 	 38.1176 	 0.117575 
4422 	 40.9518 	 2.95184 
4423 	 41.3166 	 3.31663 
4424 	 44.4583 	 6.45832 
4425 	 37.123 	 -0.877009 
4426 	 39.1765 	 1.17649 
4427 	 38.5525 	 0.5525 
4428 	 39.7664 	 1.7664 
4429 	 42.4594 	 4.45944 
4430 	 39.8847 	 1.88473 
4431 	 41.0255 	 3.02553 
4500 	 39.4866 	 1.48662 
4501 	 37.7951 	 -0.204905 
4502 	 40.9204 	 2.92042 
4503 	 35.0349 	 -2.96514 
4504 	 39.7264 	 1.72642 
4505 	 38.7522 	 0.752179 
4506 	 40.4911 	 2.49112 
4507 	 40.5042 	 2.5042 
4508 	 39.2895 	 1.28953 
4509 	 43.4547 	 5.4547 
4510 	 39.6619 	 1.66195 
4511 	 39.8738 	 1.87376 
4512 	 38.7629 	 0.762856 
4513 	 37.5903 	 -0.409679 
4514 	 40.7817 	 2.78167 
4515 	 35.6778 	 -2.32221 
4516 	 41.0231 	 3.0231 
4517 	 39.6406 	 1.64062 
4518 	 43.7487 	 5.74873 
4519 	 39.5215 	 1.52151 
4520 	 40.028 	 2.02796 
4521 	 37.6596 	 -0.340406 
4522 	 43.0771 	 5.07707 
4523 	 40.1895 	 2.18945 
4524 	 41.4338 	 3.43384 
4525 	 38.8576 	 0.857572 
4526 	 40.303 	 2.30302 
4527 	 37.6928 	 -0.307179 
4528 	 40.4738 	 2.47381 
4529 	 42.267 	 4.26696 
4530 	 41.076 	 3.07604 
4531 	 38.9246 	 0.924626 
4600 	 41.8946 	 3.89459 
4601 	 44.4747 	 6.47465 
4602 	 41.3393 	 3.33928 
4603 	 42.4166 	 4.41664 
4604 	 42.2126 	 4.21257 
4605 	 40.914 	 2.914 
4606 	 38.9596 	 0.959567 
4607 	 42.3564 	 4.35643 
4608 	 37.9932 	 -0.0068315 
4609 	 34.3168 	 -3.68322 
4610 	 40.0532 	 2.05319 
4611 	 39.5382 	 1.53815 
4612 	 39.4458 	 1.44583 
4613 	 37.4885 	 -0.511509 
4614 	 37.787 	 -0.213022 
4615 	 41.7183 	 3.71826 
4616 	 39.8242 	 1.82415 
4617 	 40.5656 	 2.56564 
4618 	 39.4796 	 1.47959 
4619 	 42.8501 	 4.85014 
4620 	 46.5246 	 8.52461 
4621 	 41.9457 	 3.94573 
4622 	 42.6534 	 4.65343 
4623 	 40.3607 	 2.36067 
4624 	 41.7867 	 3.78667 
4625 	 40.6784 	 2.67843 
4626 	 40.496 	 2.496 
4627 	 39.8354 	 1.83541 
4628 	 42.6193 	 4.61934 
4629 	 40.0593 	 2.05933 
4630 	 39.6815 	 1.6815 
4631 	 39.2929 	 1.29285 
4700 	 40.0364 	 2.03643 
4701 	 40.1796 	 2.17962 
4702 	 42.6978 	 4.6978 
4703 	 40.9394 	 2.93938 
4704 	 39.6998 	 1.6998 
4705 	 38.5092 	 0.509211 
4706 	 41.1215 	 3.12151 
4707 	 41.1988 	 3.19882 
4708 	 38.6902 	 0.690173 
4709 	 39.175 	 1.17498 
4710 	 39.3894 	 1.38938 
4711 	 39.1411 	 1.14107 
4712 	 36.125 	 -1.87501 
4713 	 43.7116 	 5.71161 
4714 	 42.6457 	 4.64572 
4715 	 38.8989 	 0.898874 
4716 	 40.3197 	 2.31971 
4717 	 42.5726 	 4.57264 
4718 	 41.8669 	 3.86689 
4719 	 39.5735 	 1.57355 
4720 	 39.7904 	 1.79039 
4721 	 41.4912 	 3.49123 
4722 	 39.4801 	 1.48009 
4723 	 40.5667 	 2.56669 
4724 	 39.7861 	 1.78607 
4725 	 34.9324 	 -3.06758 
4726 	 37.7377 	 -0.262332 
4727 	 38.7335 	 0.733548 
4728 	 38.0031 	 0.00309179 
4729 	 37.6939 	 -0.306089 
4730 	 40.0157 	 2.01574 
4731 	 37.0785 	 -0.921466 
4800 	 38.2708 	 0.270764 
4801 	 37.9072 	 -0.092766 
4802 	 43.9092 	 5.90922 
4803 	 37.0891 	 -0.910885 
4804 	 38.6413 	 0.641263 
4805 	 38.1944 	 0.194391 
4806 	 39.1286 	 1.12859 
4807 	 40.3916 	 2.39155 
4808 	 38.7787 	 0.778681 
4809 	 36.2285 	 -1.77154 
4810 	 38.1612 	 0.161175 
4811 	 38.9713 	 0.971291 
4812 	 40.6032 	 2.60324 
4813 	 38.9989 	 0.998873 
4814 	 38.3094 	 0.309351 
4815 	 40.9832 	 2.98316 
4816 	 41.3736 	 3.37356 
4817 	 40.3268 	 2.3268 
4818 	 43.4193 	 5.41933 
4819 	 39.0582 	 1.05821 
4820 	 42.1596 	 4.15962 
4821 	 39.0776 	 1.07761 
4822 	 40.0873 	 2.08734 
4823 	 37.1166 	 -0.883447 
4824 	 38.4401 	 0.440084 
4825 	 39.6192 	 1.61923 
4826 	 39.8091 	 1.80911 
4827 	 38.7896 	 0.789554 
4828 	 41.5632 	 3.56324 
4829 	 41.7889 	 3.78888 
4830 	 39.5307 	 1.53075 
4831 	 42.5011 	 4.50107 
4900 	 42.342 	 4.34202 
4901 	 40.5075 	 2.50752 
4902 	 38.0165 	 0.016545 
4903 	 41.4583 	 3.4583 
4904 	 41.7651 	 3.76507 
4905 	 38.352 	 0.35196 
4906 	 38.2175 	 0.217528 
4907 	 37.146 	 -0.854006 
4908 	 40.7682 	 2.76825 
4909 	 40.8634 	 2.86336 
4910 	 38.9121 	 0.912085 
4911 	 42.5719 	 4.57191 
4912 	 39.2387 	 1.23872 
4913 	 42.9971 	 4.99708 
4914 	 45.564 	 7.56396 
4915 	 37.5788 	 -0.421175 
4916 	 44.4809 	 6.48093 
4917 	 39.8686 	 1.86858 
4918 	 40.1696 	 2.16957 
4919 	 41.3188 	 3.31885 
4920 	 42.5375 	 4.53746 
4921 	 40.2569 	 2.25694 
4922 	 41.3165 	 3.31653 
4923 	 39.2933 	 1.29332 
4924 	 37.5973 	 -0.402672 
4925 	 38.5855 	 0.585491 
4926 	 36.5265 	 -1.47355 
4927 	 42.2554 	 4.25544 
4928 	 38.2448 	 0.24482 
4929 	 38.9309 	 0.930931 
4930 	 40.8887 	 2.8887 
4931 	 40.1317 	 2.13173 
5000 	 41.1465 	 3.14652 
5001 	 41.3711 	 3.3711 
5002 	 36.7226 	 -1.27744 
5003 	 38.8759 	 0.875867 
5004 	 42.8671 	 4.86713 
5005 	 38.678 	 0.677989 
5006 	 42.2011 	 4.20109 
5007 	 39.8412 	 1.84121 
5008 	 40.5765 	 2.57649 
5009 	 42.1586 	 4.15865 
5010 	 40.6991 	 2.69911 
5011 	 41.257 	 3.25699 
5012 	 42.8299 	 4.82992 
5013 	 43.0042 	 5.00425 
5014 	 42.0637 	 4.06373 
5015 	 40.5351 	 2.53512 
5016 	 35.6306 	 -2.36935 
5017 	 38.6899 	 0.689906 
5018 	 39.3485 	 1.34855 
5019 	 38.6338 	 0.633774 
5020 	 39.0394 	 1.03935 
5021 	 38.301 	 0.300997 
5022 	 41.1284 	 3.12837 
5023 	 40.3648 	 2.36483 
5024 	 41.6227 	 3.62267 
5025 	 39.6435 	 1.64346 
5026 	 41.9259 	 3.92589 
5027 	 38.8601 	 0.860091 
5028 	 39.7784 	 1.77842 
5029 	 40.1657 	 2.16568 
5030 	 40.0728 	 2.07278 
5031 	 37.0416 	 -0.958432 
5100 	 37.643 	 -0.356991 
5101 	 41.4801 	 3.48006 
5102 	 38.2264 	 0.226394 
5103 	 42.0389 	 4.03889 
5104 	 42.8628 	 4.86284 
5105 	 44.223 	 6.22298 
5106 	 36.9185 	 -1.08154 
5107 	 41.3262 	 3.32616 
5108 	 39.2024 	 1.2024 
5109 	 39.0131 	 1.01313 
5110 	 40.3075 	 2.30751 
5111 	 41.2148 	 3.21478 
5112 	 42.6963 	 4.69634 
5113 	 39.5678 	 1.56776 
5114 	 42.178 	 4.17798 
5115 	 37.2576 	 -0.742418 
5116 	 43.4528 	 5.45283 
5117 	 38.7536 	 0.753558 
5118 	 40.0956 	 2.09562 
5119 	 37.1911 	 -0.80891 
5120 	 37.8454 	 -0.154586 
5121 	 40.1217 	 2.12172 
5122 	 39.5213 	 1.5213 
5123 	 41.4159 	 3.4159 
5124 	 39.8717 	 1.87165 
5125 	 36.6692 	 -1.33083 
5126 	 39.1844 	 1.18436 
5127 	 40.5609 	 2.56092 
5128 	 38.5329 	 0.532897 
5129 	 42.3215 	 4.32148 
5130 	 44.15 	 6.15004 
5131 	 38.1979 	 0.197922 
5200 	 39.0575 	 1.05751 
5201 	 41.921 	 3.92095 
5202 	 39.8646 	 1.8646 
5203 	 39.8684 	 1.86839 
5204 	 39.5158 	 1.51583 
5205 	 40.6246 	 2.62456 
5206 	 40.1257 	 2.12568 
5207 	 37.1954 	 -0.804597 
5208 	 40.8619 	 2.8619 
5209 	 40.2143 	 2.21429 
5210 	 41.6404 	 3.6404 
5211 	 42.7955 	 4.79546 
5212 	 40.0484 	 2.04843 
5213 	 45.1029 	 7.10292 
5214 	 39.6528 	 1.65277 
5215 	 39.9381 	 1.93813 
5216 	 41.1306 	 3.13061 
5217 	 43.3003 	 5.30029 
5218 	 41.611 	 3.61105 
5219 	 41.8506 	 3.85057 
5220 	 38.6211 	 0.621099 
5221 	 40.7446 	 2.74457 
5222 	 41.1114 	 3.11144 
5223 	 39.4057 	 1.4057 
5224 	 36.5055 	 -1.4945 
5225 	 39.6318 	 1.63182 
5226 	 43.4109 	 5.41085 
5227 	 40.0375 	 2.03748 
5228 	 39.944 	 1.944 
5229 	 39.8592 	 1.85922 
5230 	 39.6865 	 1.68649 
5231 	 39.0051 	 1.00513 
5300 	 40.3708 	 2.37076 
5301 	 38.8632 	 0.863186 
5302 	 40.122 	 2.12201 
5303 	 40.5432 	 2.54318 
5304 	 37.0961 	 -0.903921 
5305 	 40.8438 	 2.84376 
5306 	 38.2187 	 0.218739 
5307 	 39.7038 	 1.70383 
5308 	 37.1839 	 -0.816057 
5309 	 39.7381 	 1.73808 
5310 	 41.1948 	 3.19483 
5311 	 42.3817 	 4.38167 
5312 	 41.1723 	 3.17234 
5313 	 37.9004 	 -0.0996321 
5314 	 40.9563 	 2.95628 
5315 	 40.8883 	 2.88826 
5316 	 35.59 	 -2.40996 
5317 	 38.6973 	 0.697315 
5318 	 41.1225 	 3.12251 
5319 	 36.9637 	 -1.03633 
5320 	 41.1297 	 3.12968 
5321 	 41.365 	 3.36502 
5322 	 41.9784 	 3.97837 
5323 	 41.7966 	 3.79662 
5324 	 43.7694 	 5.76937 
5325 	 42.883 	 4.88299 
5326 	 40.2246 	 2.22459 
5327 	 38.266 	 0.265971 
5328 	 36.1685 	 -1.8315 
5329 	 42.9646 	 4.96463 
5330 	 38.8306 	 0.83061 
5331 	 39.5343 	 1.53433 
5400 	 39.3146 	 1.31461 
5401 	 39.2712 	 1.27117 
5402 	 41.7461 	 3.74608 
5403 	 42.0625 	 4.06251 
5404 	 39.8731 	 1.87311 
5405 	 37.7819 	 -0.218087 
5406 	 40.7239 	 2.7239 
5407 	 37.948 	 -0.0519826 
5408 	 39.666 	 1.66599 
5409 	 41.0593 	 3.05934 
5410 	 41.7342 	 3.73421 
5411 	 38.6664 	 0.666394 
5412 	 39.6061 	 1.60609 
5413 	 38.9486 	 0.948567 
5414 	 36.7369 	 -1.26311 
5415 	 36.6093 	 -1.39068 
5416 	 37.6649 	 -0.335143 
5417 	 40.1046 	 2.10461 
5418 	 41.9491 	 3.94912 
5419 	 42.7183 	 4.71832 
5420 	 40.4981 	 2.49813 
5421 	 38.9351 	 0.935132 
5422 	 37.518 	 -0.482 
5423 	 42.103 	 4.10305 
5424 	 38.5043 	 0.504327 
5425 	 35.9453 	 -2.05471 
5426 	 38.3671 	 0.367089 
5427 	 38.882 	 0.881978 
5428 	 40.2711 	 2.27113 
5429 	 40.1434 	 2.14337 
5430 	 38.5066 	 0.506603 
5431 	 41.0569 	 3.05693 
5500 	 40.3325 	 2.33252 
5501 	 44.1123 	 6.11229 
5502 	 42.3559 	 4.35594 
5503 	 40.2039 	 2.20389 
5504 	 41.5503 	 3.55035 
5505 	 40.4256 	 2.42556 
5506 	 39.8781 	 1.87815 
5507 	 38.2212 	 0.221172 
5508 	 40.538 	 2.53799 
5509 	 45.8303 	 7.83026 
5510 	 38.4004 	 0.400417 
5511 	 42.5265 	 4.52653 
5512 	 37.3802 	 -0.61977 
5513 	 40.3828 	 2.38283 
5514 	 40.5156 	 2.51557 
5515 	 38.4852 	 0.485212 
5516 	 39.3888 	 1.38878 
5517 	 42.0968 	 4.09676 
5518 	 38.7232 	 0.723245 
5519 	 38.3903 	 0.390293 
5520 	 41.8479 	 3.84787 
5521 	 37.4225 	 -0.577548 
5522 	 38.7102 	 0.710165 
5523 	 39.3237 	 1.32375 
5524 	 40.7431 	 2.7431 
5525 	 39.5046 	 1.50457 
5526 	 41.6192 	 3.61919 
5527 	 38.9105 	 0.910456 
5528 	 41.6594 	 3.65942 
5529 	 40.0964 	 2.09644 
5530 	 37.4903 	 -0.50972 
5531 	 37.6355 	 -0.364498 
5600 	 39.378 	 1.37796 
5601 	 38.9166 	 0.916628 
5602 	 41.0673 	 3.06732 
5603 	 41.0254 	 3.02539 
5604 	 37.4937 	 -0.506304 
5605 	 36.7757 	 -1.22432 
5606 	 41.3107 	 3.31066 
5607 	 38.2901 	 0.29013 
5608 	 39.9351 	 1.93509 
5609 	 43.3281 	 5.32814 
5610 	 42.1721 	 4.17215 
5611 	 38.249 	 0.249018 
5612 	 37.227 	 -0.773049 
5613 	 39.471 	 1.47097 
5614 	 38.9869 	 0.986887 
5615 	 41.8624 	 3.86245 
5616 	 38.0913 	 0.0912536 
5617 	 37.5911 	 -0.408936 
5618 	 35.9446 	 -2.05536 
5619 	 36.7894 	 -1.21061 
5620 	 38.077 	 0.0770219 
5621 	 42.2494 	 4.24936 
5622 	 38.3893 	 0.389275 
5623 	 38.237 	 0.237001 
5624 	 42.5213 	 4.52125 
5625 	 37.9065 	 -0.0935085 
5626 	 39.9298 	 1.92978 
5627 	 38.9646 	 0.96458 
5628 	 38.9012 	 0.901235 
5629 	 42.6233 	 4.62325 
5630 	 42.945 	 4.94498 
5631 	 41.7027 	 3.70271 
5700 	 37.9019 	 -0.0980968 
5701 	 39.4663 	 1.46628 
5702 	 43.1799 	 5.1799 
5703 	 40.013 	 2.01304 
5704 	 39.7404 	 1.74037 
5705 	 34.5606 	 -3.43944 
5706 	 41.7698 	 3.76981 
5707 	 40.6734 	 2.67336 
5708 	 38.8308 	 0.830772 
5709 	 40.0375 	 2.03749 
5710 	 39.9908 	 1.99079 
5711 	 37.3871 	 -0.612896 
5712 	 41.7394 	 3.73941 
5713 	 38.9048 	 0.904833 
5714 	 40.1268 	 2.1268 
5715 	 40.005 	 2.00496 
5716 	 41.2505 	 3.25046 
5717 	 42.7068 	 4.70675 
5718 	 38.4704 	 0.470447 
5719 	 40.6445 	 2.64446 
5720 	 41.2747 	 3.27473 
5721 	 38.3457 	 0.345696 
5722 	 43.2167 	 5.21673 
5723 	 37.6493 	 -0.350724 
5724 	 41.4739 	 3.4739 
5725 	 37.1269 	 -0.873103 
5726 	 39.9624 	 1.96242 
5727 	 35.8953 	 -2.10467 
5728 	 40.1359 	 2.13594 
5729 	 38.5673 	 0.567316 
5730 	 42.2802 	 4.28019 
5731 	 41.108 	 3.10803 
5800 	 39.6889 	 1.68888 
5801 	 40.1847 	 2.18474 
5802 	 43.4345 	 5.4345 
5803 	 38.9868 	 0.986796 
5804 	 40.8098 	 2.80984 
5805 	 40.5815 	 2.58147 
5806 	 40.2755 	 2.27551 
5807 	 40.9569 	 2.9569 
5808 	 40.2949 	 2.29493 
5809 	 38.6859 	 0.685875 
5810 	 44.6899 	 6.68988 
5811 	 41.8494 	 3.84941 
5812 	 41.9296 	 3.92962 
5813 	 41.5626 	 3.56259 
5814 	 41.1972 	 3.1972 
5815 	 38.2442 	 0.244201 
5816 	 39.3855 	 1.38547 
5817 	 37.4203 	 -0.579666 
5818 	 41.7841 	 3.78409 
5819 	 37.9346 	 -0.0653639 
5820 	 37.8043 	 -0.195701 
5821 	 39.9464 	 1.94643 
5822 	 36.908 	 -1.09204 
5823 	 38.5863 	 0.58629 
5824 	 36.7256 	 -1.27444 
5825 	 36.2426 	 -1.75745 
5826 	 36.411 	 -1.58897 
5827 	 39.0458 	 1.04576 
5828 	 43.1933 	 5.1933 
5829 	 38.67 	 0.670031 
5830 	 39.5431 	 1.54309 
5831 	 42.1742 	 4.17418 
5900 	 38.618 	 0.61803 
5901 	 38.9149 	 0.914942 
5902 	 42.6885 	 4.68852 
5903 	 38.8175 	 0.817489 
5904 	 40.1272 	 2.12723 
5905 	 41.3674 	 3.36736 
5906 	 39.7621 	 1.76213 
5907 	 40.8586 	 2.85855 
5908 	 39.1182 	 1.11825 
5909 	 37.4241 	 -0.575929 
5910 	 40.2492 	 2.24924 
5911 	 39.4386 	 1.43862 
5912 	 40.1703 	 2.1703 
5913 	 36.2272 	 -1.77275 
5914 	 40.6007 	 2.60067 
5915 	 39.2471 	 1.24713 
5916 	 39.9666 	 1.96661 
5917 	 36.0405 	 -1.95955 
5918 	 41.0849 	 3.08494 
5919 	 40.8526 	 2.85261 
5920 	 36.9483 	 -1.05167 
5921 	 38.6677 	 0.667736 
5922 	 41.7551 	 3.75512 
5923 	 40.4375 	 2.43747 
5924 	 40.3297 	 2.32971 
5925 	 42.4032 	 4.40316 
5926 	 38.4721 	 0.472108 
5927 	 40.5065 	 2.50646 
5928 	 39.2898 	 1.28983 
5929 	 38.3657 	 0.365708 
5930 	 41.3698 	 3.36984 
5931 	 40.1473 	 2.14735 
6000 	 38.8491 	 0.849103 
6001 	 37.8744 	 -0.125573 
6002 	 39.998 	 1.99797 
6003 	 37.1368 	 -0.863162 
6004 	 37.7916 	 -0.208411 
6005 	 39.5202 	 1.52019 
6006 	 41.1275 	 3.12748 
6007 	 39.3846 	 1.38464 
6008 	 39.4959 	 1.49589 
6009 	 44.3576 	 6.35763 
6010 	 41.8022 	 3.80224 
6011 	 39.8866 	 1.88658 
6012 	 40.7116 	 2.71159 
6013 	 41.1717 	 3.17171 
6014 	 41.4158 	 3.4158 
6015 	 41.1257 	 3.1257 
6016 	 37.0325 	 -0.967473 
6017 	 42.6495 	 4.64946 
6018 	 42.9674 	 4.96743 
6019 	 40.2815 	 2.28145 
6020 	 40.0838 	 2.08385 
6021 	 40.0446 	 2.04464 
6022 	 39.1843 	 1.18432 
6023 	 41.2177 	 3.21772 
6024 	 40.2099 	 2.20994 
6025 	 41.5908 	 3.59079 
6026 	 39.9775 	 1.97754 
6027 	 38.8715 	 0.871473 
6028 	 39.1368 	 1.13676 
6029 	 39.2936 	 1.29363 
6030 	 41.6342 	 3.63421 
6031 	 39.6654 	 1.66541 
6100 	 41.4248 	 3.42484 
6101 	 41.7631 	 3.76314 
6102 	 41.6546 	 3.65457 
6103 	 39.6531 	 1.65311 
6104 	 41.5428 	 3.54276 
6105 	 43.2353 	 5.23532 
6106 	 36.8688 	 -1.13124 
6107 	 40.1555 	 2.15545 
6108 	 42.723 	 4.72302 
6109 	 39.3029 	 1.30286 
6110 	 40.1328 	 2.13276 
6111 	 40.4779 	 2.47788 
6112 	 41.7307 	 3.73074 
6113 	 36.808 	 -1.19197 
6114 	 39.8164 	 1.81639 
6115 	 39.6738 	 1.67376 
6116 	 39.2258 	 1.22582 
6117 	 40.2687 	 2.26874 
6118 	 42.8042 	 4.80415 
6119 	 34.6472 	 -3.35279 
6120 	 40.2803 	 2.28031 
6121 	 42.0729 	 4.07288 
6122 	 44.6165 	 6.61651 
6123 	 39.0525 	 1.05251 
6124 	 39.4301 	 1.43009 
6125 	 42.26 	 4.25995 
6126 	 41.2457 	 3.2457 
6127 	 41.0227 	 3.02269 
6128 	 41.0181 	 3.01813 
6129 	 38.2918 	 0.291804 
6130 	 36.4609 	 -1.53906 
6131 	 43.5257 	 5.52571 
6131 	 41.1978 	 3.19776 
