1100 -134.384 -252.856 777.352 0 2 1
1101 -134.384 -252.856 766.652 0 2 1
1102 -134.384 -252.856 766.452 0 2 1
1103 -134.384 -252.856 755.752 0 2 1
1104 -134.384 -252.856 755.552 0 2 1
1105 -134.384 -252.856 744.852 0 2 1
1106 -134.384 -252.856 744.652 0 2 1
1107 -134.384 -252.856 733.952 0 2 1
1108 -134.384 -252.856 733.752 0 2 1
1109 -134.384 -252.856 723.052 0 2 1
1110 -134.384 -252.856 722.852 0 2 1
1111 -134.384 -252.856 712.152 0 2 1
1112 -134.384 -252.856 711.952 0 2 1
1113 -134.384 -252.856 701.252 0 2 1
1114 -134.384 -252.856 701.052 0 2 1
1115 -134.384 -252.856 690.352 0 2 1
1116 -134.384 -252.856 690.152 0 2 1
1117 -134.384 -252.856 679.452 0 2 1
1118 -134.384 -252.856 679.252 0 2 1
1119 -134.384 -252.856 668.552 0 2 1
1120 -134.384 -252.856 668.352 0 2 1
1121 -134.384 -252.856 657.652 0 2 1
1122 -134.384 -252.856 657.452 0 2 1
1123 -134.384 -252.856 646.752 0 2 1
1124 -134.384 -252.856 646.552 0 2 1
1125 -134.384 -252.856 635.852 0 2 1
1126 -134.384 -252.856 635.652 0 2 1
1127 -134.384 -252.856 624.952 0 2 1
1128 -134.384 -252.856 624.752 0 2 1
1129 -134.384 -252.856 614.052 0 2 1
1130 -134.384 -252.856 613.852 0 2 1
1131 -134.384 -252.856 603.152 0 2 1
1200 40.816 -256.356 515.952 0 3 0
1201 30.116 -256.356 515.952 0 3 0
1202 29.916 -256.356 515.952 0 3 0
1203 19.216 -256.356 515.952 0 3 0
1204 19.016 -256.356 515.952 0 3 0
1205 8.316 -256.356 515.952 0 3 0
1206 8.116 -256.356 515.952 0 3 0
1207 -2.584 -256.356 515.952 0 3 0
1208 -2.784 -256.356 515.952 0 3 0
1209 -13.484 -256.356 515.952 0 3 0
1210 -13.684 -256.356 515.952 0 3 0
1211 -24.384 -256.356 515.952 0 3 0
1212 -24.584 -256.356 515.952 0 3 0
1213 -35.284 -256.356 515.952 0 3 0
1214 -35.484 -256.356 515.952 0 3 0
1215 -46.184 -256.356 515.952 0 3 0
1216 -46.384 -256.356 515.952 0 3 0
1217 -57.084 -256.356 515.952 0 3 0
1218 -57.284 -256.356 515.952 0 3 0
1219 -67.984 -256.356 515.952 0 3 0
1220 -68.184 -256.356 515.952 0 3 0
1221 -78.884 -256.356 515.952 0 3 0
1222 -79.084 -256.356 515.952 0 3 0
1223 -89.784 -256.356 515.952 0 3 0
1224 -89.984 -256.356 515.952 0 3 0
1225 -100.684 -256.356 515.952 0 3 0
1226 -100.884 -256.356 515.952 0 3 0
1227 -111.584 -256.356 515.952 0 3 0
1228 -111.784 -256.356 515.952 0 3 0
1229 -122.484 -256.356 515.952 0 3 0
1230 -122.684 -256.356 515.952 0 3 0
1231 -133.384 -256.356 515.952 0 3 0
1400 -134.384 -259.856 624.952 0 1 1
1401 -134.384 -259.856 614.252 0 1 1
1402 -134.384 -259.856 614.052 0 1 1
1403 -134.384 -259.856 603.352 0 1 1
1404 -134.384 -259.856 603.152 0 1 1
1405 -134.384 -259.856 592.452 0 1 1
1406 -134.384 -259.856 592.252 0 1 1
1407 -134.384 -259.856 581.552 0 1 1
1408 -134.384 -259.856 581.352 0 1 1
1409 -134.384 -259.856 570.652 0 1 1
1410 -134.384 -259.856 570.452 0 1 1
1411 -134.384 -259.856 559.752 0 1 1
1412 -134.384 -259.856 559.552 0 1 1
1413 -134.384 -259.856 548.852 0 1 1
1414 -134.384 -259.856 548.652 0 1 1
1415 -134.384 -259.856 537.952 0 1 1
1416 -134.384 -259.856 537.752 0 1 1
1417 -134.384 -259.856 527.052 0 1 1
1418 -134.384 -259.856 526.852 0 1 1
1419 -134.384 -259.856 516.152 0 1 1
1420 -134.384 -259.856 515.952 0 1 1
1421 -134.384 -259.856 505.252 0 1 1
1422 -134.384 -259.856 505.052 0 1 1
1423 -134.384 -259.856 494.352 0 1 1
1424 -134.384 -259.856 494.152 0 1 1
1425 -134.384 -259.856 483.452 0 1 1
1426 -134.384 -259.856 483.252 0 1 1
1427 -134.384 -259.856 472.552 0 1 1
1428 -134.384 -259.856 472.352 0 1 1
1429 -134.384 -259.856 461.652 0 1 1
1430 -134.384 -259.856 461.452 0 1 1
1431 -134.384 -259.856 450.752 0 1 1
1500 398.016 130.686 1100.7 2 3 1
1501 398.016 119.986 1100.7 2 3 1
1502 398.016 119.786 1100.7 2 3 1
1503 398.016 109.086 1100.7 2 3 1
1504 398.016 108.886 1100.7 2 3 1
1505 398.016 98.186 1100.7 2 3 1
1506 398.016 97.986 1100.7 2 3 1
1507 398.016 87.286 1100.7 2 3 1
1508 398.016 87.086 1100.7 2 3 1
1509 398.016 76.386 1100.7 2 3 1
1510 398.016 76.186 1100.7 2 3 1
1511 398.016 65.486 1100.7 2 3 1
1512 398.016 65.286 1100.7 2 3 1
1513 398.016 54.586 1100.7 2 3 1
1514 398.016 54.386 1100.7 2 3 1
1515 398.016 43.686 1100.7 2 3 1
1516 398.016 43.486 1100.7 2 3 1
1517 398.016 32.786 1100.7 2 3 1
1518 398.016 32.586 1100.7 2 3 1
1519 398.016 21.886 1100.7 2 3 1
1520 398.016 21.686 1100.7 2 3 1
1521 398.016 10.986 1100.7 2 3 1
1522 398.016 10.786 1100.7 2 3 1
1523 398.016 0.086 1100.7 2 3 1
1524 398.016 -0.114 1100.7 2 3 1
1525 398.016 -10.814 1100.7 2 3 1
1526 398.016 -11.014 1100.7 2 3 1
1527 398.016 -21.714 1100.7 2 3 1
1528 398.016 -21.914 1100.7 2 3 1
1529 398.016 -32.614 1100.7 2 3 1
1530 398.016 -32.814 1100.7 2 3 1
1531 398.016 -43.514 1100.7 2 3 1
1600 398.516 -49.314 1100.7 2 3 1
1601 398.516 -60.014 1100.7 2 3 1
1602 398.516 -60.214 1100.7 2 3 1
1603 398.516 -70.914 1100.7 2 3 1
1604 398.516 -71.114 1100.7 2 3 1
1605 398.516 -81.814 1100.7 2 3 1
1606 398.516 -82.014 1100.7 2 3 1
1607 398.516 -92.714 1100.7 2 3 1
1608 398.516 -92.914 1100.7 2 3 1
1609 398.516 -103.614 1100.7 2 3 1
1610 398.516 -103.814 1100.7 2 3 1
1611 398.516 -114.514 1100.7 2 3 1
1612 398.516 -114.714 1100.7 2 3 1
1613 398.516 -125.414 1100.7 2 3 1
1614 398.516 -125.614 1100.7 2 3 1
1615 398.516 -136.314 1100.7 2 3 1
1616 398.516 -136.514 1100.7 2 3 1
1617 398.516 -147.214 1100.7 2 3 1
1618 398.516 -147.414 1100.7 2 3 1
1619 398.516 -158.114 1100.7 2 3 1
1620 398.516 -158.314 1100.7 2 3 1
1621 398.516 -169.014 1100.7 2 3 1
1622 398.516 -169.214 1100.7 2 3 1
1623 398.516 -179.914 1100.7 2 3 1
1624 398.516 -180.114 1100.7 2 3 1
1625 398.516 -190.814 1100.7 2 3 1
1626 398.516 -191.014 1100.7 2 3 1
1627 398.516 -201.714 1100.7 2 3 1
1628 398.516 -201.914 1100.7 2 3 1
1629 398.516 -212.614 1100.7 2 3 1
1630 398.516 -212.814 1100.7 2 3 1
1631 398.516 -223.514 1100.7 2 3 1
1700 -134.384 -259.856 450.552 0 1 1
1701 -134.384 -259.856 439.852 0 1 1
1702 -134.384 -259.856 439.652 0 1 1
1703 -134.384 -259.856 428.952 0 1 1
1704 -134.384 -259.856 428.752 0 1 1
1705 -134.384 -259.856 418.052 0 1 1
1706 -134.384 -259.856 417.852 0 1 1
1707 -134.384 -259.856 407.152 0 1 1
1708 -134.384 -259.856 406.952 0 1 1
1709 -134.384 -259.856 396.252 0 1 1
1710 -134.384 -259.856 396.052 0 1 1
1711 -134.384 -259.856 385.352 0 1 1
1712 -134.384 -259.856 385.152 0 1 1
1713 -134.384 -259.856 374.452 0 1 1
1714 -134.384 -259.856 374.252 0 1 1
1715 -134.384 -259.856 363.552 0 1 1
1716 -134.384 -259.856 363.352 0 1 1
1717 -134.384 -259.856 352.652 0 1 1
1718 -134.384 -259.856 352.452 0 1 1
1719 -134.384 -259.856 341.752 0 1 1
1720 -134.384 -259.856 341.552 0 1 1
1721 -134.384 -259.856 330.852 0 1 1
1722 -134.384 -259.856 330.652 0 1 1
1723 -134.384 -259.856 319.952 0 1 1
1724 -134.384 -259.856 319.752 0 1 1
1725 -134.384 -259.856 309.052 0 1 1
1726 -134.384 -259.856 308.852 0 1 1
1727 -134.384 -259.856 298.152 0 1 1
1728 -134.384 -259.856 297.952 0 1 1
1729 -134.384 -259.856 287.252 0 1 1
1730 -134.384 -259.856 287.052 0 1 1
1731 -134.384 -259.856 276.352 0 1 1
1800 390.616 -259.856 450.552 0 1 1
1801 390.616 -259.856 439.852 0 1 1
1802 390.616 -259.856 439.652 0 1 1
1803 390.616 -259.856 428.952 0 1 1
1804 390.616 -259.856 428.752 0 1 1
1805 390.616 -259.856 418.052 0 1 1
1806 390.616 -259.856 417.852 0 1 1
1807 390.616 -259.856 407.152 0 1 1
1808 390.616 -259.856 406.952 0 1 1
1809 390.616 -259.856 396.252 0 1 1
1810 390.616 -259.856 396.052 0 1 1
1811 390.616 -259.856 385.352 0 1 1
1812 390.616 -259.856 385.152 0 1 1
1813 390.616 -259.856 374.452 0 1 1
1814 390.616 -259.856 374.252 0 1 1
1815 390.616 -259.856 363.552 0 1 1
1816 390.616 -259.856 363.352 0 1 1
1817 390.616 -259.856 352.652 0 1 1
1818 390.616 -259.856 352.452 0 1 1
1819 390.616 -259.856 341.752 0 1 1
1820 390.616 -259.856 341.552 0 1 1
1821 390.616 -259.856 330.852 0 1 1
1822 390.616 -259.856 330.652 0 1 1
1823 390.616 -259.856 319.952 0 1 1
1824 390.616 -259.856 319.752 0 1 1
1825 390.616 -259.856 309.052 0 1 1
1826 390.616 -259.856 308.852 0 1 1
1827 390.616 -259.856 298.152 0 1 1
1828 390.616 -259.856 297.952 0 1 1
1829 390.616 -259.856 287.252 0 1 1
1830 390.616 -259.856 287.052 0 1 1
1831 390.616 -259.856 276.352 0 1 1
1900 390.616 -259.856 624.952 0 1 1
1901 390.616 -259.856 614.252 0 1 1
1902 390.616 -259.856 614.052 0 1 1
1903 390.616 -259.856 603.352 0 1 1
1904 390.616 -259.856 603.152 0 1 1
1905 390.616 -259.856 592.452 0 1 1
1906 390.616 -259.856 592.252 0 1 1
1907 390.616 -259.856 581.552 0 1 1
1908 390.616 -259.856 581.352 0 1 1
1909 390.616 -259.856 570.652 0 1 1
1910 390.616 -259.856 570.452 0 1 1
1911 390.616 -259.856 559.752 0 1 1
1912 390.616 -259.856 559.552 0 1 1
1913 390.616 -259.856 548.852 0 1 1
1914 390.616 -259.856 548.652 0 1 1
1915 390.616 -259.856 537.952 0 1 1
1916 390.616 -259.856 537.752 0 1 1
1917 390.616 -259.856 527.052 0 1 1
1918 390.616 -259.856 526.852 0 1 1
1919 390.616 -259.856 516.152 0 1 1
1920 390.616 -259.856 515.952 0 1 1
1921 390.616 -259.856 505.252 0 1 1
1922 390.616 -259.856 505.052 0 1 1
1923 390.616 -259.856 494.352 0 1 1
1924 390.616 -259.856 494.152 0 1 1
1925 390.616 -259.856 483.452 0 1 1
1926 390.616 -259.856 483.252 0 1 1
1927 390.616 -259.856 472.552 0 1 1
1928 390.616 -259.856 472.352 0 1 1
1929 390.616 -259.856 461.652 0 1 1
1930 390.616 -259.856 461.452 0 1 1
1931 390.616 -259.856 450.752 0 1 1
2000 398.016 130.686 872.7 2 3 1
2001 398.016 119.986 872.7 2 3 1
2002 398.016 119.786 872.7 2 3 1
2003 398.016 109.086 872.7 2 3 1
2004 398.016 108.886 872.7 2 3 1
2005 398.016 98.186 872.7 2 3 1
2006 398.016 97.986 872.7 2 3 1
2007 398.016 87.286 872.7 2 3 1
2008 398.016 87.086 872.7 2 3 1
2009 398.016 76.386 872.7 2 3 1
2010 398.016 76.186 872.7 2 3 1
2011 398.016 65.486 872.7 2 3 1
2012 398.016 65.286 872.7 2 3 1
2013 398.016 54.586 872.7 2 3 1
2014 398.016 54.386 872.7 2 3 1
2015 398.016 43.686 872.7 2 3 1
2016 398.016 43.486 872.7 2 3 1
2017 398.016 32.786 872.7 2 3 1
2018 398.016 32.586 872.7 2 3 1
2019 398.016 21.886 872.7 2 3 1
2020 398.016 21.686 872.7 2 3 1
2021 398.016 10.986 872.7 2 3 1
2022 398.016 10.786 872.7 2 3 1
2023 398.016 0.086 872.7 2 3 1
2024 398.016 -0.114 872.7 2 3 1
2025 398.016 -10.814 872.7 2 3 1
2026 398.016 -11.014 872.7 2 3 1
2027 398.016 -21.714 872.7 2 3 1
2028 398.016 -21.914 872.7 2 3 1
2029 398.016 -32.614 872.7 2 3 1
2030 398.016 -32.814 872.7 2 3 1
2031 398.016 -43.514 872.7 2 3 1
2100 398.516 -49.314 872.7 2 3 1
2101 398.516 -60.014 872.7 2 3 1
2102 398.516 -60.214 872.7 2 3 1
2103 398.516 -70.914 872.7 2 3 1
2104 398.516 -71.114 872.7 2 3 1
2105 398.516 -81.814 872.7 2 3 1
2106 398.516 -82.014 872.7 2 3 1
2107 398.516 -92.714 872.7 2 3 1
2108 398.516 -92.914 872.7 2 3 1
2109 398.516 -103.614 872.7 2 3 1
2110 398.516 -103.814 872.7 2 3 1
2111 398.516 -114.514 872.7 2 3 1
2112 398.516 -114.714 872.7 2 3 1
2113 398.516 -125.414 872.7 2 3 1
2114 398.516 -125.614 872.7 2 3 1
2115 398.516 -136.314 872.7 2 3 1
2116 398.516 -136.514 872.7 2 3 1
2117 398.516 -147.214 872.7 2 3 1
2118 398.516 -147.414 872.7 2 3 1
2119 398.516 -158.114 872.7 2 3 1
2120 398.516 -158.314 872.7 2 3 1
2121 398.516 -169.014 872.7 2 3 1
2122 398.516 -169.214 872.7 2 3 1
2123 398.516 -179.914 872.7 2 3 1
2124 398.516 -180.114 872.7 2 3 1
2125 398.516 -190.814 872.7 2 3 1
2126 398.516 -191.014 872.7 2 3 1
2127 398.516 -201.714 872.7 2 3 1
2128 398.516 -201.914 872.7 2 3 1
2129 398.516 -212.614 872.7 2 3 1
2130 398.516 -212.814 872.7 2 3 1
2131 398.516 -223.514 872.7 2 3 1
2200 389.616 -263.356 628.952 0 0 0
2201 378.916 -263.356 628.952 0 0 0
2202 378.716 -263.356 628.952 0 0 0
2203 368.016 -263.356 628.952 0 0 0
2204 367.816 -263.356 628.952 0 0 0
2205 357.116 -263.356 628.952 0 0 0
2206 356.916 -263.356 628.952 0 0 0
2207 346.216 -263.356 628.952 0 0 0
2208 346.016 -263.356 628.952 0 0 0
2209 335.316 -263.356 628.952 0 0 0
2210 335.116 -263.356 628.952 0 0 0
2211 324.416 -263.356 628.952 0 0 0
2212 324.216 -263.356 628.952 0 0 0
2213 313.516 -263.356 628.952 0 0 0
2214 313.316 -263.356 628.952 0 0 0
2215 302.616 -263.356 628.952 0 0 0
2216 302.416 -263.356 628.952 0 0 0
2217 291.716 -263.356 628.952 0 0 0
2218 291.516 -263.356 628.952 0 0 0
2219 280.816 -263.356 628.952 0 0 0
2220 280.616 -263.356 628.952 0 0 0
2221 269.916 -263.356 628.952 0 0 0
2222 269.716 -263.356 628.952 0 0 0
2223 259.016 -263.356 628.952 0 0 0
2224 258.816 -263.356 628.952 0 0 0
2225 248.116 -263.356 628.952 0 0 0
2226 247.916 -263.356 628.952 0 0 0
2227 237.216 -263.356 628.952 0 0 0
2228 237.016 -263.356 628.952 0 0 0
2229 226.316 -263.356 628.952 0 0 0
2230 226.116 -263.356 628.952 0 0 0
2231 215.416 -263.356 628.952 0 0 0
2300 215.216 -263.356 628.952 0 0 0
2301 204.516 -263.356 628.952 0 0 0
2302 204.316 -263.356 628.952 0 0 0
2303 193.616 -263.356 628.952 0 0 0
2304 193.416 -263.356 628.952 0 0 0
2305 182.716 -263.356 628.952 0 0 0
2306 182.516 -263.356 628.952 0 0 0
2307 171.816 -263.356 628.952 0 0 0
2308 171.616 -263.356 628.952 0 0 0
2309 160.916 -263.356 628.952 0 0 0
2310 160.716 -263.356 628.952 0 0 0
2311 150.016 -263.356 628.952 0 0 0
2312 149.816 -263.356 628.952 0 0 0
2313 139.116 -263.356 628.952 0 0 0
2314 138.916 -263.356 628.952 0 0 0
2315 128.216 -263.356 628.952 0 0 0
2316 128.016 -263.356 628.952 0 0 0
2317 117.316 -263.356 628.952 0 0 0
2318 117.116 -263.356 628.952 0 0 0
2319 106.416 -263.356 628.952 0 0 0
2320 106.216 -263.356 628.952 0 0 0
2321 95.5161 -263.356 628.952 0 0 0
2322 95.3161 -263.356 628.952 0 0 0
2323 84.6161 -263.356 628.952 0 0 0
2324 84.4161 -263.356 628.952 0 0 0
2325 73.7161 -263.356 628.952 0 0 0
2326 73.5161 -263.356 628.952 0 0 0
2327 62.8161 -263.356 628.952 0 0 0
2328 62.6161 -263.356 628.952 0 0 0
2329 51.9161 -263.356 628.952 0 0 0
2330 51.7161 -263.356 628.952 0 0 0
2331 41.0161 -263.356 628.952 0 0 0
2400 40.816 -263.356 628.952 0 0 0
2401 30.116 -263.356 628.952 0 0 0
2402 29.916 -263.356 628.952 0 0 0
2403 19.216 -263.356 628.952 0 0 0
2404 19.016 -263.356 628.952 0 0 0
2405 8.316 -263.356 628.952 0 0 0
2406 8.116 -263.356 628.952 0 0 0
2407 -2.584 -263.356 628.952 0 0 0
2408 -2.784 -263.356 628.952 0 0 0
2409 -13.484 -263.356 628.952 0 0 0
2410 -13.684 -263.356 628.952 0 0 0
2411 -24.384 -263.356 628.952 0 0 0
2412 -24.584 -263.356 628.952 0 0 0
2413 -35.284 -263.356 628.952 0 0 0
2414 -35.484 -263.356 628.952 0 0 0
2415 -46.184 -263.356 628.952 0 0 0
2416 -46.384 -263.356 628.952 0 0 0
2417 -57.084 -263.356 628.952 0 0 0
2418 -57.284 -263.356 628.952 0 0 0
2419 -67.984 -263.356 628.952 0 0 0
2420 -68.184 -263.356 628.952 0 0 0
2421 -78.884 -263.356 628.952 0 0 0
2422 -79.084 -263.356 628.952 0 0 0
2423 -89.784 -263.356 628.952 0 0 0
2424 -89.984 -263.356 628.952 0 0 0
2425 -100.684 -263.356 628.952 0 0 0
2426 -100.884 -263.356 628.952 0 0 0
2427 -111.584 -263.356 628.952 0 0 0
2428 -111.784 -263.356 628.952 0 0 0
2429 -122.484 -263.356 628.952 0 0 0
2430 -122.684 -263.356 628.952 0 0 0
2431 -133.384 -263.356 628.952 0 0 0
2600 -136.984 -218.514 782.7 1 0 0
2601 -136.984 -218.514 793.4 1 0 0
2602 -136.984 -218.514 793.6 1 0 0
2603 -136.984 -218.514 804.3 1 0 0
2604 -136.984 -218.514 804.5 1 0 0
2605 -136.984 -218.514 815.2 1 0 0
2606 -136.984 -218.514 815.4 1 0 0
2607 -136.984 -218.514 826.1 1 0 0
2608 -136.984 -218.514 826.3 1 0 0
2609 -136.984 -218.514 837 1 0 0
2610 -136.984 -218.514 837.2 1 0 0
2611 -136.984 -218.514 847.9 1 0 0
2612 -136.984 -218.514 848.1 1 0 0
2613 -136.984 -218.514 858.8 1 0 0
2614 -136.984 -218.514 859 1 0 0
2615 -136.984 -218.514 869.7 1 0 0
2616 -136.984 -218.514 869.9 1 0 0
2617 -136.984 -218.514 880.6 1 0 0
2618 -136.984 -218.514 880.8 1 0 0
2619 -136.984 -218.514 891.5 1 0 0
2620 -136.984 -218.514 891.7 1 0 0
2621 -136.984 -218.514 902.4 1 0 0
2622 -136.984 -218.514 902.6 1 0 0
2623 -136.984 -218.514 913.3 1 0 0
2624 -136.984 -218.514 913.5 1 0 0
2625 -136.984 -218.514 924.2 1 0 0
2626 -136.984 -218.514 924.4 1 0 0
2627 -136.984 -218.514 935.1 1 0 0
2628 -136.984 -218.514 935.3 1 0 0
2629 -136.984 -218.514 946 1 0 0
2630 -136.984 -218.514 946.2 1 0 0
2631 -136.984 -218.514 956.9 1 0 0
2700 -136.984 -218.514 608.3 1 0 0
2701 -136.984 -218.514 619 1 0 0
2702 -136.984 -218.514 619.2 1 0 0
2703 -136.984 -218.514 629.9 1 0 0
2704 -136.984 -218.514 630.1 1 0 0
2705 -136.984 -218.514 640.8 1 0 0
2706 -136.984 -218.514 641 1 0 0
2707 -136.984 -218.514 651.7 1 0 0
2708 -136.984 -218.514 651.9 1 0 0
2709 -136.984 -218.514 662.6 1 0 0
2710 -136.984 -218.514 662.8 1 0 0
2711 -136.984 -218.514 673.5 1 0 0
2712 -136.984 -218.514 673.7 1 0 0
2713 -136.984 -218.514 684.4 1 0 0
2714 -136.984 -218.514 684.6 1 0 0
2715 -136.984 -218.514 695.3 1 0 0
2716 -136.984 -218.514 695.5 1 0 0
2717 -136.984 -218.514 706.2 1 0 0
2718 -136.984 -218.514 706.4 1 0 0
2719 -136.984 -218.514 717.1 1 0 0
2720 -136.984 -218.514 717.3 1 0 0
2721 -136.984 -218.514 728 1 0 0
2722 -136.984 -218.514 728.2 1 0 0
2723 -136.984 -218.514 738.9 1 0 0
2724 -136.984 -218.514 739.1 1 0 0
2725 -136.984 -218.514 749.8 1 0 0
2726 -136.984 -218.514 750 1 0 0
2727 -136.984 -218.514 760.7 1 0 0
2728 -136.984 -218.514 760.9 1 0 0
2729 -136.984 -218.514 771.6 1 0 0
2730 -136.984 -218.514 771.8 1 0 0
2731 -136.984 -218.514 782.5 1 0 0
2800 -136.984 -218.514 433.9 1 0 0
2801 -136.984 -218.514 444.6 1 0 0
2802 -136.984 -218.514 444.8 1 0 0
2803 -136.984 -218.514 455.5 1 0 0
2804 -136.984 -218.514 455.7 1 0 0
2805 -136.984 -218.514 466.4 1 0 0
2806 -136.984 -218.514 466.6 1 0 0
2807 -136.984 -218.514 477.3 1 0 0
2808 -136.984 -218.514 477.5 1 0 0
2809 -136.984 -218.514 488.2 1 0 0
2810 -136.984 -218.514 488.4 1 0 0
2811 -136.984 -218.514 499.1 1 0 0
2812 -136.984 -218.514 499.3 1 0 0
2813 -136.984 -218.514 510 1 0 0
2814 -136.984 -218.514 510.2 1 0 0
2815 -136.984 -218.514 520.9 1 0 0
2816 -136.984 -218.514 521.1 1 0 0
2817 -136.984 -218.514 531.8 1 0 0
2818 -136.984 -218.514 532 1 0 0
2819 -136.984 -218.514 542.7 1 0 0
2820 -136.984 -218.514 542.9 1 0 0
2821 -136.984 -218.514 553.6 1 0 0
2822 -136.984 -218.514 553.8 1 0 0
2823 -136.984 -218.514 564.5 1 0 0
2824 -136.984 -218.514 564.7 1 0 0
2825 -136.984 -218.514 575.4 1 0 0
2826 -136.984 -218.514 575.6 1 0 0
2827 -136.984 -218.514 586.3 1 0 0
2828 -136.984 -218.514 586.5 1 0 0
2829 -136.984 -218.514 597.2 1 0 0
2830 -136.984 -218.514 597.4 1 0 0
2831 -136.984 -218.514 608.1 1 0 0
2900 -136.984 -218.514 259.5 1 0 0
2901 -136.984 -218.514 270.2 1 0 0
2902 -136.984 -218.514 270.4 1 0 0
2903 -136.984 -218.514 281.1 1 0 0
2904 -136.984 -218.514 281.3 1 0 0
2905 -136.984 -218.514 292 1 0 0
2906 -136.984 -218.514 292.2 1 0 0
2907 -136.984 -218.514 302.9 1 0 0
2908 -136.984 -218.514 303.1 1 0 0
2909 -136.984 -218.514 313.8 1 0 0
2910 -136.984 -218.514 314 1 0 0
2911 -136.984 -218.514 324.7 1 0 0
2912 -136.984 -218.514 324.9 1 0 0
2913 -136.984 -218.514 335.6 1 0 0
2914 -136.984 -218.514 335.8 1 0 0
2915 -136.984 -218.514 346.5 1 0 0
2916 -136.984 -218.514 346.7 1 0 0
2917 -136.984 -218.514 357.4 1 0 0
2918 -136.984 -218.514 357.6 1 0 0
2919 -136.984 -218.514 368.3 1 0 0
2920 -136.984 -218.514 368.5 1 0 0
2921 -136.984 -218.514 379.2 1 0 0
2922 -136.984 -218.514 379.4 1 0 0
2923 -136.984 -218.514 390.1 1 0 0
2924 -136.984 -218.514 390.3 1 0 0
2925 -136.984 -218.514 401 1 0 0
2926 -136.984 -218.514 401.2 1 0 0
2927 -136.984 -218.514 411.9 1 0 0
2928 -136.984 -218.514 412.1 1 0 0
2929 -136.984 -218.514 422.8 1 0 0
2930 -136.984 -218.514 423 1 0 0
2931 -136.984 -218.514 433.7 1 0 0
3000 -136.984 -218.514 957.1 1 0 0
3001 -136.984 -218.514 967.8 1 0 0
3002 -136.984 -218.514 968 1 0 0
3003 -136.984 -218.514 978.7 1 0 0
3004 -136.984 -218.514 978.9 1 0 0
3005 -136.984 -218.514 989.6 1 0 0
3006 -136.984 -218.514 989.8 1 0 0
3007 -136.984 -218.514 1000.5 1 0 0
3008 -136.984 -218.514 1000.7 1 0 0
3009 -136.984 -218.514 1011.4 1 0 0
3010 -136.984 -218.514 1011.6 1 0 0
3011 -136.984 -218.514 1022.3 1 0 0
3012 -136.984 -218.514 1022.5 1 0 0
3013 -136.984 -218.514 1033.2 1 0 0
3014 -136.984 -218.514 1033.4 1 0 0
3015 -136.984 -218.514 1044.1 1 0 0
3016 -136.984 -218.514 1044.3 1 0 0
3017 -136.984 -218.514 1055 1 0 0
3018 -136.984 -218.514 1055.2 1 0 0
3019 -136.984 -218.514 1065.9 1 0 0
3020 -136.984 -218.514 1066.1 1 0 0
3021 -136.984 -218.514 1076.8 1 0 0
3022 -136.984 -218.514 1077 1 0 0
3023 -136.984 -218.514 1087.7 1 0 0
3024 -136.984 -218.514 1087.9 1 0 0
3025 -136.984 -218.514 1098.6 1 0 0
3026 -136.984 -218.514 1098.8 1 0 0
3027 -136.984 -218.514 1109.5 1 0 0
3028 -136.984 -218.514 1109.7 1 0 0
3029 -136.984 -218.514 1120.4 1 0 0
3030 -136.984 -218.514 1120.6 1 0 0
3031 -136.984 -218.514 1131.3 1 0 0
3100 -136.984 -218.514 85.1 1 0 0
3101 -136.984 -218.514 95.8 1 0 0
3102 -136.984 -218.514 96 1 0 0
3103 -136.984 -218.514 106.7 1 0 0
3104 -136.984 -218.514 106.9 1 0 0
3105 -136.984 -218.514 117.6 1 0 0
3106 -136.984 -218.514 117.8 1 0 0
3107 -136.984 -218.514 128.5 1 0 0
3108 -136.984 -218.514 128.7 1 0 0
3109 -136.984 -218.514 139.4 1 0 0
3110 -136.984 -218.514 139.6 1 0 0
3111 -136.984 -218.514 150.3 1 0 0
3112 -136.984 -218.514 150.5 1 0 0
3113 -136.984 -218.514 161.2 1 0 0
3114 -136.984 -218.514 161.4 1 0 0
3115 -136.984 -218.514 172.1 1 0 0
3116 -136.984 -218.514 172.3 1 0 0
3117 -136.984 -218.514 183 1 0 0
3118 -136.984 -218.514 183.2 1 0 0
3119 -136.984 -218.514 193.9 1 0 0
3120 -136.984 -218.514 194.1 1 0 0
3121 -136.984 -218.514 204.8 1 0 0
3122 -136.984 -218.514 205 1 0 0
3123 -136.984 -218.514 215.7 1 0 0
3124 -136.984 -218.514 215.9 1 0 0
3125 -136.984 -218.514 226.6 1 0 0
3126 -136.984 -218.514 226.8 1 0 0
3127 -136.984 -218.514 237.5 1 0 0
3128 -136.984 -218.514 237.7 1 0 0
3129 -136.984 -218.514 248.4 1 0 0
3130 -136.984 -218.514 248.6 1 0 0
3131 -136.984 -218.514 259.3 1 0 0
3200 378.016 291.486 -89.9 2 0 0
3201 378.016 291.486 -79.2 2 0 0
3202 378.016 291.486 -79 2 0 0
3203 378.016 291.486 -68.3 2 0 0
3204 378.016 291.486 -68.1 2 0 0
3205 378.016 291.486 -57.4 2 0 0
3206 378.016 291.486 -57.2 2 0 0
3207 378.016 291.486 -46.5 2 0 0
3208 378.016 291.486 -46.3 2 0 0
3209 378.016 291.486 -35.6 2 0 0
3210 378.016 291.486 -35.4 2 0 0
3211 378.016 291.486 -24.7 2 0 0
3212 378.016 291.486 -24.5 2 0 0
3213 378.016 291.486 -13.8 2 0 0
3214 378.016 291.486 -13.6 2 0 0
3215 378.016 291.486 -2.9 2 0 0
3216 378.016 291.486 -2.7 2 0 0
3217 378.016 291.486 8 2 0 0
3218 378.016 291.486 8.2 2 0 0
3219 378.016 291.486 18.9 2 0 0
3220 378.016 291.486 19.1 2 0 0
3221 378.016 291.486 29.8 2 0 0
3222 378.016 291.486 30 2 0 0
3223 378.016 291.486 40.7 2 0 0
3224 378.016 291.486 40.9 2 0 0
3225 378.016 291.486 51.6 2 0 0
3226 378.016 291.486 51.8 2 0 0
3227 378.016 291.486 62.5 2 0 0
3228 378.016 291.486 62.7 2 0 0
3229 378.016 291.486 73.4 2 0 0
3230 378.016 291.486 73.6 2 0 0
3231 378.016 291.486 84.3 2 0 0
3300 378.016 291.486 782.1 2 0 0
3301 378.016 291.486 792.8 2 0 0
3302 378.016 291.486 793 2 0 0
3303 378.016 291.486 803.7 2 0 0
3304 378.016 291.486 803.9 2 0 0
3305 378.016 291.486 814.6 2 0 0
3306 378.016 291.486 814.8 2 0 0
3307 378.016 291.486 825.5 2 0 0
3308 378.016 291.486 825.7 2 0 0
3309 378.016 291.486 836.4 2 0 0
3310 378.016 291.486 836.6 2 0 0
3311 378.016 291.486 847.3 2 0 0
3312 378.016 291.486 847.5 2 0 0
3313 378.016 291.486 858.2 2 0 0
3314 378.016 291.486 858.4 2 0 0
3315 378.016 291.486 869.1 2 0 0
3316 378.016 291.486 869.3 2 0 0
3317 378.016 291.486 880 2 0 0
3318 378.016 291.486 880.2 2 0 0
3319 378.016 291.486 890.9 2 0 0
3320 378.016 291.486 891.1 2 0 0
3321 378.016 291.486 901.8 2 0 0
3322 378.016 291.486 902 2 0 0
3323 378.016 291.486 912.7 2 0 0
3324 378.016 291.486 912.9 2 0 0
3325 378.016 291.486 923.6 2 0 0
3326 378.016 291.486 923.8 2 0 0
3327 378.016 291.486 934.5 2 0 0
3328 378.016 291.486 934.7 2 0 0
3329 378.016 291.486 945.4 2 0 0
3330 378.016 291.486 945.6 2 0 0
3331 378.016 291.486 956.3 2 0 0
3400 378.016 291.486 607.7 2 0 0
3401 378.016 291.486 618.4 2 0 0
3402 378.016 291.486 618.6 2 0 0
3403 378.016 291.486 629.3 2 0 0
3404 378.016 291.486 629.5 2 0 0
3405 378.016 291.486 640.2 2 0 0
3406 378.016 291.486 640.4 2 0 0
3407 378.016 291.486 651.1 2 0 0
3408 378.016 291.486 651.3 2 0 0
3409 378.016 291.486 662 2 0 0
3410 378.016 291.486 662.2 2 0 0
3411 378.016 291.486 672.9 2 0 0
3412 378.016 291.486 673.1 2 0 0
3413 378.016 291.486 683.8 2 0 0
3414 378.016 291.486 684 2 0 0
3415 378.016 291.486 694.7 2 0 0
3416 378.016 291.486 694.9 2 0 0
3417 378.016 291.486 705.6 2 0 0
3418 378.016 291.486 705.8 2 0 0
3419 378.016 291.486 716.5 2 0 0
3420 378.016 291.486 716.7 2 0 0
3421 378.016 291.486 727.4 2 0 0
3422 378.016 291.486 727.6 2 0 0
3423 378.016 291.486 738.3 2 0 0
3424 378.016 291.486 738.5 2 0 0
3425 378.016 291.486 749.2 2 0 0
3426 378.016 291.486 749.4 2 0 0
3427 378.016 291.486 760.1 2 0 0
3428 378.016 291.486 760.3 2 0 0
3429 378.016 291.486 771 2 0 0
3430 378.016 291.486 771.2 2 0 0
3431 378.016 291.486 781.9 2 0 0
3500 378.016 291.486 433.3 2 0 0
3501 378.016 291.486 444 2 0 0
3502 378.016 291.486 444.2 2 0 0
3503 378.016 291.486 454.9 2 0 0
3504 378.016 291.486 455.1 2 0 0
3505 378.016 291.486 465.8 2 0 0
3506 378.016 291.486 466 2 0 0
3507 378.016 291.486 476.7 2 0 0
3508 378.016 291.486 476.9 2 0 0
3509 378.016 291.486 487.6 2 0 0
3510 378.016 291.486 487.8 2 0 0
3511 378.016 291.486 498.5 2 0 0
3512 378.016 291.486 498.7 2 0 0
3513 378.016 291.486 509.4 2 0 0
3514 378.016 291.486 509.6 2 0 0
3515 378.016 291.486 520.3 2 0 0
3516 378.016 291.486 520.5 2 0 0
3517 378.016 291.486 531.2 2 0 0
3518 378.016 291.486 531.4 2 0 0
3519 378.016 291.486 542.1 2 0 0
3520 378.016 291.486 542.3 2 0 0
3521 378.016 291.486 553 2 0 0
3522 378.016 291.486 553.2 2 0 0
3523 378.016 291.486 563.9 2 0 0
3524 378.016 291.486 564.1 2 0 0
3525 378.016 291.486 574.8 2 0 0
3526 378.016 291.486 575 2 0 0
3527 378.016 291.486 585.7 2 0 0
3528 378.016 291.486 585.9 2 0 0
3529 378.016 291.486 596.6 2 0 0
3530 378.016 291.486 596.8 2 0 0
3531 378.016 291.486 607.5 2 0 0
3600 378.016 291.486 258.9 2 0 0
3601 378.016 291.486 269.6 2 0 0
3602 378.016 291.486 269.8 2 0 0
3603 378.016 291.486 280.5 2 0 0
3604 378.016 291.486 280.7 2 0 0
3605 378.016 291.486 291.4 2 0 0
3606 378.016 291.486 291.6 2 0 0
3607 378.016 291.486 302.3 2 0 0
3608 378.016 291.486 302.5 2 0 0
3609 378.016 291.486 313.2 2 0 0
3610 378.016 291.486 313.4 2 0 0
3611 378.016 291.486 324.1 2 0 0
3612 378.016 291.486 324.3 2 0 0
3613 378.016 291.486 335 2 0 0
3614 378.016 291.486 335.2 2 0 0
3615 378.016 291.486 345.9 2 0 0
3616 378.016 291.486 346.1 2 0 0
3617 378.016 291.486 356.8 2 0 0
3618 378.016 291.486 357 2 0 0
3619 378.016 291.486 367.7 2 0 0
3620 378.016 291.486 367.9 2 0 0
3621 378.016 291.486 378.6 2 0 0
3622 378.016 291.486 378.8 2 0 0
3623 378.016 291.486 389.5 2 0 0
3624 378.016 291.486 389.7 2 0 0
3625 378.016 291.486 400.4 2 0 0
3626 378.016 291.486 400.6 2 0 0
3627 378.016 291.486 411.3 2 0 0
3628 378.016 291.486 411.5 2 0 0
3629 378.016 291.486 422.2 2 0 0
3630 378.016 291.486 422.4 2 0 0
3631 378.016 291.486 433.1 2 0 0
3700 378.016 291.486 956.5 2 0 0
3701 378.016 291.486 967.2 2 0 0
3702 378.016 291.486 967.4 2 0 0
3703 378.016 291.486 978.1 2 0 0
3704 378.016 291.486 978.3 2 0 0
3705 378.016 291.486 989 2 0 0
3706 378.016 291.486 989.2 2 0 0
3707 378.016 291.486 999.9 2 0 0
3708 378.016 291.486 1000.1 2 0 0
3709 378.016 291.486 1010.8 2 0 0
3710 378.016 291.486 1011 2 0 0
3711 378.016 291.486 1021.7 2 0 0
3712 378.016 291.486 1021.9 2 0 0
3713 378.016 291.486 1032.6 2 0 0
3714 378.016 291.486 1032.8 2 0 0
3715 378.016 291.486 1043.5 2 0 0
3716 378.016 291.486 1043.7 2 0 0
3717 378.016 291.486 1054.4 2 0 0
3718 378.016 291.486 1054.6 2 0 0
3719 378.016 291.486 1065.3 2 0 0
3720 378.016 291.486 1065.5 2 0 0
3721 378.016 291.486 1076.2 2 0 0
3722 378.016 291.486 1076.4 2 0 0
3723 378.016 291.486 1087.1 2 0 0
3724 378.016 291.486 1087.3 2 0 0
3725 378.016 291.486 1098 2 0 0
3726 378.016 291.486 1098.2 2 0 0
3727 378.016 291.486 1108.9 2 0 0
3728 378.016 291.486 1109.1 2 0 0
3729 378.016 291.486 1119.8 2 0 0
3730 378.016 291.486 1120 2 0 0
3731 378.016 291.486 1130.7 2 0 0
3800 378.016 291.486 84.5 2 0 0
3801 378.016 291.486 95.2 2 0 0
3802 378.016 291.486 95.4 2 0 0
3803 378.016 291.486 106.1 2 0 0
3804 378.016 291.486 106.3 2 0 0
3805 378.016 291.486 117 2 0 0
3806 378.016 291.486 117.2 2 0 0
3807 378.016 291.486 127.9 2 0 0
3808 378.016 291.486 128.1 2 0 0
3809 378.016 291.486 138.8 2 0 0
3810 378.016 291.486 139 2 0 0
3811 378.016 291.486 149.7 2 0 0
3812 378.016 291.486 149.9 2 0 0
3813 378.016 291.486 160.6 2 0 0
3814 378.016 291.486 160.8 2 0 0
3815 378.016 291.486 171.5 2 0 0
3816 378.016 291.486 171.7 2 0 0
3817 378.016 291.486 182.4 2 0 0
3818 378.016 291.486 182.6 2 0 0
3819 378.016 291.486 193.3 2 0 0
3820 378.016 291.486 193.5 2 0 0
3821 378.016 291.486 204.2 2 0 0
3822 378.016 291.486 204.4 2 0 0
3823 378.016 291.486 215.1 2 0 0
3824 378.016 291.486 215.3 2 0 0
3825 378.016 291.486 226 2 0 0
3826 378.016 291.486 226.2 2 0 0
3827 378.016 291.486 236.9 2 0 0
3828 378.016 291.486 237.1 2 0 0
3829 378.016 291.486 247.8 2 0 0
3830 378.016 291.486 248 2 0 0
3831 378.016 291.486 258.7 2 0 0
3900 388.016 -218.514 1130.7 2 2 0
3901 388.016 -218.514 1120 2 2 0
3902 388.016 -218.514 1119.8 2 2 0
3903 388.016 -218.514 1109.1 2 2 0
3904 388.016 -218.514 1108.9 2 2 0
3905 388.016 -218.514 1098.2 2 2 0
3906 388.016 -218.514 1098 2 2 0
3907 388.016 -218.514 1087.3 2 2 0
3908 388.016 -218.514 1087.1 2 2 0
3909 388.016 -218.514 1076.4 2 2 0
3910 388.016 -218.514 1076.2 2 2 0
3911 388.016 -218.514 1065.5 2 2 0
3912 388.016 -218.514 1065.3 2 2 0
3913 388.016 -218.514 1054.6 2 2 0
3914 388.016 -218.514 1054.4 2 2 0
3915 388.016 -218.514 1043.7 2 2 0
3916 388.016 -218.514 1043.5 2 2 0
3917 388.016 -218.514 1032.8 2 2 0
3918 388.016 -218.514 1032.6 2 2 0
3919 388.016 -218.514 1021.9 2 2 0
3920 388.016 -218.514 1021.7 2 2 0
3921 388.016 -218.514 1011 2 2 0
3922 388.016 -218.514 1010.8 2 2 0
3923 388.016 -218.514 1000.1 2 2 0
3924 388.016 -218.514 999.9 2 2 0
3925 388.016 -218.514 989.2 2 2 0
3926 388.016 -218.514 989 2 2 0
3927 388.016 -218.514 978.3 2 2 0
3928 388.016 -218.514 978.1 2 2 0
3929 388.016 -218.514 967.4 2 2 0
3930 388.016 -218.514 967.2 2 2 0
3931 388.016 -218.514 956.5 2 2 0
4000 388.016 -218.514 956.3 2 2 0
4001 388.016 -218.514 945.6 2 2 0
4002 388.016 -218.514 945.4 2 2 0
4003 388.016 -218.514 934.7 2 2 0
4004 388.016 -218.514 934.5 2 2 0
4005 388.016 -218.514 923.8 2 2 0
4006 388.016 -218.514 923.6 2 2 0
4007 388.016 -218.514 912.9 2 2 0
4008 388.016 -218.514 912.7 2 2 0
4009 388.016 -218.514 902 2 2 0
4010 388.016 -218.514 901.8 2 2 0
4011 388.016 -218.514 891.1 2 2 0
4012 388.016 -218.514 890.9 2 2 0
4013 388.016 -218.514 880.2 2 2 0
4014 388.016 -218.514 880 2 2 0
4015 388.016 -218.514 869.3 2 2 0
4016 388.016 -218.514 869.1 2 2 0
4017 388.016 -218.514 858.4 2 2 0
4018 388.016 -218.514 858.2 2 2 0
4019 388.016 -218.514 847.5 2 2 0
4020 388.016 -218.514 847.3 2 2 0
4021 388.016 -218.514 836.6 2 2 0
4022 388.016 -218.514 836.4 2 2 0
4023 388.016 -218.514 825.7 2 2 0
4024 388.016 -218.514 825.5 2 2 0
4025 388.016 -218.514 814.8 2 2 0
4026 388.016 -218.514 814.6 2 2 0
4027 388.016 -218.514 803.9 2 2 0
4028 388.016 -218.514 803.7 2 2 0
4029 388.016 -218.514 793 2 2 0
4030 388.016 -218.514 792.8 2 2 0
4031 388.016 -218.514 782.1 2 2 0
4100 388.016 -218.514 781.9 2 2 0
4101 388.016 -218.514 771.2 2 2 0
4102 388.016 -218.514 771 2 2 0
4103 388.016 -218.514 760.3 2 2 0
4104 388.016 -218.514 760.1 2 2 0
4105 388.016 -218.514 749.4 2 2 0
4106 388.016 -218.514 749.2 2 2 0
4107 388.016 -218.514 738.5 2 2 0
4108 388.016 -218.514 738.3 2 2 0
4109 388.016 -218.514 727.6 2 2 0
4110 388.016 -218.514 727.4 2 2 0
4111 388.016 -218.514 716.7 2 2 0
4112 388.016 -218.514 716.5 2 2 0
4113 388.016 -218.514 705.8 2 2 0
4114 388.016 -218.514 705.6 2 2 0
4115 388.016 -218.514 694.9 2 2 0
4116 388.016 -218.514 694.7 2 2 0
4117 388.016 -218.514 684 2 2 0
4118 388.016 -218.514 683.8 2 2 0
4119 388.016 -218.514 673.1 2 2 0
4120 388.016 -218.514 672.9 2 2 0
4121 388.016 -218.514 662.2 2 2 0
4122 388.016 -218.514 662 2 2 0
4123 388.016 -218.514 651.3 2 2 0
4124 388.016 -218.514 651.1 2 2 0
4125 388.016 -218.514 640.4 2 2 0
4126 388.016 -218.514 640.2 2 2 0
4127 388.016 -218.514 629.5 2 2 0
4128 388.016 -218.514 629.3 2 2 0
4129 388.016 -218.514 618.6 2 2 0
4130 388.016 -218.514 618.4 2 2 0
4131 388.016 -218.514 607.7 2 2 0
4200 388.016 -218.514 607.5 2 2 0
4201 388.016 -218.514 596.8 2 2 0
4202 388.016 -218.514 596.6 2 2 0
4203 388.016 -218.514 585.9 2 2 0
4204 388.016 -218.514 585.7 2 2 0
4205 388.016 -218.514 575 2 2 0
4206 388.016 -218.514 574.8 2 2 0
4207 388.016 -218.514 564.1 2 2 0
4208 388.016 -218.514 563.9 2 2 0
4209 388.016 -218.514 553.2 2 2 0
4210 388.016 -218.514 553 2 2 0
4211 388.016 -218.514 542.3 2 2 0
4212 388.016 -218.514 542.1 2 2 0
4213 388.016 -218.514 531.4 2 2 0
4214 388.016 -218.514 531.2 2 2 0
4215 388.016 -218.514 520.5 2 2 0
4216 388.016 -218.514 520.3 2 2 0
4217 388.016 -218.514 509.6 2 2 0
4218 388.016 -218.514 509.4 2 2 0
4219 388.016 -218.514 498.7 2 2 0
4220 388.016 -218.514 498.5 2 2 0
4221 388.016 -218.514 487.8 2 2 0
4222 388.016 -218.514 487.6 2 2 0
4223 388.016 -218.514 476.9 2 2 0
4224 388.016 -218.514 476.7 2 2 0
4225 388.016 -218.514 466 2 2 0
4226 388.016 -218.514 465.8 2 2 0
4227 388.016 -218.514 455.1 2 2 0
4228 388.016 -218.514 454.9 2 2 0
4229 388.016 -218.514 444.2 2 2 0
4230 388.016 -218.514 444 2 2 0
4231 388.016 -218.514 433.3 2 2 0
4300 388.016 -218.514 433.1 2 2 0
4301 388.016 -218.514 422.4 2 2 0
4302 388.016 -218.514 422.2 2 2 0
4303 388.016 -218.514 411.5 2 2 0
4304 388.016 -218.514 411.3 2 2 0
4305 388.016 -218.514 400.6 2 2 0
4306 388.016 -218.514 400.4 2 2 0
4307 388.016 -218.514 389.7 2 2 0
4308 388.016 -218.514 389.5 2 2 0
4309 388.016 -218.514 378.8 2 2 0
4310 388.016 -218.514 378.6 2 2 0
4311 388.016 -218.514 367.9 2 2 0
4312 388.016 -218.514 367.7 2 2 0
4313 388.016 -218.514 357 2 2 0
4314 388.016 -218.514 356.8 2 2 0
4315 388.016 -218.514 346.1 2 2 0
4316 388.016 -218.514 345.9 2 2 0
4317 388.016 -218.514 335.2 2 2 0
4318 388.016 -218.514 335 2 2 0
4319 388.016 -218.514 324.3 2 2 0
4320 388.016 -218.514 324.1 2 2 0
4321 388.016 -218.514 313.4 2 2 0
4322 388.016 -218.514 313.2 2 2 0
4323 388.016 -218.514 302.5 2 2 0
4324 388.016 -218.514 302.3 2 2 0
4325 388.016 -218.514 291.6 2 2 0
4326 388.016 -218.514 291.4 2 2 0
4327 388.016 -218.514 280.7 2 2 0
4328 388.016 -218.514 280.5 2 2 0
4329 388.016 -218.514 269.8 2 2 0
4330 388.016 -218.514 269.6 2 2 0
4331 388.016 -218.514 258.9 2 2 0
4400 388.016 -218.514 258.7 2 2 0
4401 388.016 -218.514 248 2 2 0
4402 388.016 -218.514 247.8 2 2 0
4403 388.016 -218.514 237.1 2 2 0
4404 388.016 -218.514 236.9 2 2 0
4405 388.016 -218.514 226.2 2 2 0
4406 388.016 -218.514 226 2 2 0
4407 388.016 -218.514 215.3 2 2 0
4408 388.016 -218.514 215.1 2 2 0
4409 388.016 -218.514 204.4 2 2 0
4410 388.016 -218.514 204.2 2 2 0
4411 388.016 -218.514 193.5 2 2 0
4412 388.016 -218.514 193.3 2 2 0
4413 388.016 -218.514 182.6 2 2 0
4414 388.016 -218.514 182.4 2 2 0
4415 388.016 -218.514 171.7 2 2 0
4416 388.016 -218.514 171.5 2 2 0
4417 388.016 -218.514 160.8 2 2 0
4418 388.016 -218.514 160.6 2 2 0
4419 388.016 -218.514 149.9 2 2 0
4420 388.016 -218.514 149.7 2 2 0
4421 388.016 -218.514 139 2 2 0
4422 388.016 -218.514 138.8 2 2 0
4423 388.016 -218.514 128.1 2 2 0
4424 388.016 -218.514 127.9 2 2 0
4425 388.016 -218.514 117.2 2 2 0
4426 388.016 -218.514 117 2 2 0
4427 388.016 -218.514 106.3 2 2 0
4428 388.016 -218.514 106.1 2 2 0
4429 388.016 -218.514 95.4 2 2 0
4430 388.016 -218.514 95.2 2 2 0
4431 388.016 -218.514 84.5 2 2 0
4500 388.016 -218.514 84.3 2 2 0
4501 388.016 -218.514 73.6 2 2 0
4502 388.016 -218.514 73.4 2 2 0
4503 388.016 -218.514 62.7 2 2 0
4504 388.016 -218.514 62.5 2 2 0
4505 388.016 -218.514 51.8 2 2 0
4506 388.016 -218.514 51.6 2 2 0
4507 388.016 -218.514 40.9 2 2 0
4508 388.016 -218.514 40.7 2 2 0
4509 388.016 -218.514 30 2 2 0
4510 388.016 -218.514 29.8 2 2 0
4511 388.016 -218.514 19.1 2 2 0
4512 388.016 -218.514 18.9 2 2 0
4513 388.016 -218.514 8.2 2 2 0
4514 388.016 -218.514 8 2 2 0
4515 388.016 -218.514 -2.7 2 2 0
4516 388.016 -218.514 -2.9 2 2 0
4517 388.016 -218.514 -13.6 2 2 0
4518 388.016 -218.514 -13.8 2 2 0
4519 388.016 -218.514 -24.5 2 2 0
4520 388.016 -218.514 -24.7 2 2 0
4521 388.016 -218.514 -35.4 2 2 0
4522 388.016 -218.514 -35.6 2 2 0
4523 388.016 -218.514 -46.3 2 2 0
4524 388.016 -218.514 -46.5 2 2 0
4525 388.016 -218.514 -57.2 2 2 0
4526 388.016 -218.514 -57.4 2 2 0
4527 388.016 -218.514 -68.1 2 2 0
4528 388.016 -218.514 -68.3 2 2 0
4529 388.016 -218.514 -79 2 2 0
4530 388.016 -218.514 -79.2 2 2 0
4531 388.016 -218.514 -89.9 2 2 0
4600 398.016 130.686 644.7 2 3 1
4601 398.016 119.986 644.7 2 3 1
4602 398.016 119.786 644.7 2 3 1
4603 398.016 109.086 644.7 2 3 1
4604 398.016 108.886 644.7 2 3 1
4605 398.016 98.186 644.7 2 3 1
4606 398.016 97.986 644.7 2 3 1
4607 398.016 87.286 644.7 2 3 1
4608 398.016 87.086 644.7 2 3 1
4609 398.016 76.386 644.7 2 3 1
4610 398.016 76.186 644.7 2 3 1
4611 398.016 65.486 644.7 2 3 1
4612 398.016 65.286 644.7 2 3 1
4613 398.016 54.586 644.7 2 3 1
4614 398.016 54.386 644.7 2 3 1
4615 398.016 43.686 644.7 2 3 1
4616 398.016 43.486 644.7 2 3 1
4617 398.016 32.786 644.7 2 3 1
4618 398.016 32.586 644.7 2 3 1
4619 398.016 21.886 644.7 2 3 1
4620 398.016 21.686 644.7 2 3 1
4621 398.016 10.986 644.7 2 3 1
4622 398.016 10.786 644.7 2 3 1
4623 398.016 0.086 644.7 2 3 1
4624 398.016 -0.114 644.7 2 3 1
4625 398.016 -10.814 644.7 2 3 1
4626 398.016 -11.014 644.7 2 3 1
4627 398.016 -21.714 644.7 2 3 1
4628 398.016 -21.914 644.7 2 3 1
4629 398.016 -32.614 644.7 2 3 1
4630 398.016 -32.814 644.7 2 3 1
4631 398.016 -43.514 644.7 2 3 1
4700 398.516 -49.314 644.7 2 3 1
4701 398.516 -60.014 644.7 2 3 1
4702 398.516 -60.214 644.7 2 3 1
4703 398.516 -70.914 644.7 2 3 1
4704 398.516 -71.114 644.7 2 3 1
4705 398.516 -81.814 644.7 2 3 1
4706 398.516 -82.014 644.7 2 3 1
4707 398.516 -92.714 644.7 2 3 1
4708 398.516 -92.914 644.7 2 3 1
4709 398.516 -103.614 644.7 2 3 1
4710 398.516 -103.814 644.7 2 3 1
4711 398.516 -114.514 644.7 2 3 1
4712 398.516 -114.714 644.7 2 3 1
4713 398.516 -125.414 644.7 2 3 1
4714 398.516 -125.614 644.7 2 3 1
4715 398.516 -136.314 644.7 2 3 1
4716 398.516 -136.514 644.7 2 3 1
4717 398.516 -147.214 644.7 2 3 1
4718 398.516 -147.414 644.7 2 3 1
4719 398.516 -158.114 644.7 2 3 1
4720 398.516 -158.314 644.7 2 3 1
4721 398.516 -169.014 644.7 2 3 1
4722 398.516 -169.214 644.7 2 3 1
4723 398.516 -179.914 644.7 2 3 1
4724 398.516 -180.114 644.7 2 3 1
4725 398.516 -190.814 644.7 2 3 1
4726 398.516 -191.014 644.7 2 3 1
4727 398.516 -201.714 644.7 2 3 1
4728 398.516 -201.914 644.7 2 3 1
4729 398.516 -212.614 644.7 2 3 1
4730 398.516 -212.814 644.7 2 3 1
4731 398.516 -223.514 644.7 2 3 1
4800 398.016 130.686 416.7 2 3 1
4801 398.016 119.986 416.7 2 3 1
4802 398.016 119.786 416.7 2 3 1
4803 398.016 109.086 416.7 2 3 1
4804 398.016 108.886 416.7 2 3 1
4805 398.016 98.186 416.7 2 3 1
4806 398.016 97.986 416.7 2 3 1
4807 398.016 87.286 416.7 2 3 1
4808 398.016 87.086 416.7 2 3 1
4809 398.016 76.386 416.7 2 3 1
4810 398.016 76.186 416.7 2 3 1
4811 398.016 65.486 416.7 2 3 1
4812 398.016 65.286 416.7 2 3 1
4813 398.016 54.586 416.7 2 3 1
4814 398.016 54.386 416.7 2 3 1
4815 398.016 43.686 416.7 2 3 1
4816 398.016 43.486 416.7 2 3 1
4817 398.016 32.786 416.7 2 3 1
4818 398.016 32.586 416.7 2 3 1
4819 398.016 21.886 416.7 2 3 1
4820 398.016 21.686 416.7 2 3 1
4821 398.016 10.986 416.7 2 3 1
4822 398.016 10.786 416.7 2 3 1
4823 398.016 0.086 416.7 2 3 1
4824 398.016 -0.114 416.7 2 3 1
4825 398.016 -10.814 416.7 2 3 1
4826 398.016 -11.014 416.7 2 3 1
4827 398.016 -21.714 416.7 2 3 1
4828 398.016 -21.914 416.7 2 3 1
4829 398.016 -32.614 416.7 2 3 1
4830 398.016 -32.814 416.7 2 3 1
4831 398.016 -43.514 416.7 2 3 1
4900 398.516 -49.314 416.7 2 3 1
4901 398.516 -60.014 416.7 2 3 1
4902 398.516 -60.214 416.7 2 3 1
4903 398.516 -70.914 416.7 2 3 1
4904 398.516 -71.114 416.7 2 3 1
4905 398.516 -81.814 416.7 2 3 1
4906 398.516 -82.014 416.7 2 3 1
4907 398.516 -92.714 416.7 2 3 1
4908 398.516 -92.914 416.7 2 3 1
4909 398.516 -103.614 416.7 2 3 1
4910 398.516 -103.814 416.7 2 3 1
4911 398.516 -114.514 416.7 2 3 1
4912 398.516 -114.714 416.7 2 3 1
4913 398.516 -125.414 416.7 2 3 1
4914 398.516 -125.614 416.7 2 3 1
4915 398.516 -136.314 416.7 2 3 1
4916 398.516 -136.514 416.7 2 3 1
4917 398.516 -147.214 416.7 2 3 1
4918 398.516 -147.414 416.7 2 3 1
4919 398.516 -158.114 416.7 2 3 1
4920 398.516 -158.314 416.7 2 3 1
4921 398.516 -169.014 416.7 2 3 1
4922 398.516 -169.214 416.7 2 3 1
4923 398.516 -179.914 416.7 2 3 1
4924 398.516 -180.114 416.7 2 3 1
4925 398.516 -190.814 416.7 2 3 1
4926 398.516 -191.014 416.7 2 3 1
4927 398.516 -201.714 416.7 2 3 1
4928 398.516 -201.914 416.7 2 3 1
4929 398.516 -212.614 416.7 2 3 1
4930 398.516 -212.814 416.7 2 3 1
4931 398.516 -223.514 416.7 2 3 1
5000 398.016 130.686 188.7 2 3 1
5001 398.016 119.986 188.7 2 3 1
5002 398.016 119.786 188.7 2 3 1
5003 398.016 109.086 188.7 2 3 1
5004 398.016 108.886 188.7 2 3 1
5005 398.016 98.186 188.7 2 3 1
5006 398.016 97.986 188.7 2 3 1
5007 398.016 87.286 188.7 2 3 1
5008 398.016 87.086 188.7 2 3 1
5009 398.016 76.386 188.7 2 3 1
5010 398.016 76.186 188.7 2 3 1
5011 398.016 65.486 188.7 2 3 1
5012 398.016 65.286 188.7 2 3 1
5013 398.016 54.586 188.7 2 3 1
5014 398.016 54.386 188.7 2 3 1
5015 398.016 43.686 188.7 2 3 1
5016 398.016 43.486 188.7 2 3 1
5017 398.016 32.786 188.7 2 3 1
5018 398.016 32.586 188.7 2 3 1
5019 398.016 21.886 188.7 2 3 1
5020 398.016 21.686 188.7 2 3 1
5021 398.016 10.986 188.7 2 3 1
5022 398.016 10.786 188.7 2 3 1
5023 398.016 0.086 188.7 2 3 1
5024 398.016 -0.114 188.7 2 3 1
5025 398.016 -10.814 188.7 2 3 1
5026 398.016 -11.014 188.7 2 3 1
5027 398.016 -21.714 188.7 2 3 1
5028 398.016 -21.914 188.7 2 3 1
5029 398.016 -32.614 188.7 2 3 1
5030 398.016 -32.814 188.7 2 3 1
5031 398.016 -43.514 188.7 2 3 1
5100 398.516 -49.314 188.7 2 3 1
5101 398.516 -60.014 188.7 2 3 1
5102 398.516 -60.214 188.7 2 3 1
5103 398.516 -70.914 188.7 2 3 1
5104 398.516 -71.114 188.7 2 3 1
5105 398.516 -81.814 188.7 2 3 1
5106 398.516 -82.014 188.7 2 3 1
5107 398.516 -92.714 188.7 2 3 1
5108 398.516 -92.914 188.7 2 3 1
5109 398.516 -103.614 188.7 2 3 1
5110 398.516 -103.814 188.7 2 3 1
5111 398.516 -114.514 188.7 2 3 1
5112 398.516 -114.714 188.7 2 3 1
5113 398.516 -125.414 188.7 2 3 1
5114 398.516 -125.614 188.7 2 3 1
5115 398.516 -136.314 188.7 2 3 1
5116 398.516 -136.514 188.7 2 3 1
5117 398.516 -147.214 188.7 2 3 1
5118 398.516 -147.414 188.7 2 3 1
5119 398.516 -158.114 188.7 2 3 1
5120 398.516 -158.314 188.7 2 3 1
5121 398.516 -169.014 188.7 2 3 1
5122 398.516 -169.214 188.7 2 3 1
5123 398.516 -179.914 188.7 2 3 1
5124 398.516 -180.114 188.7 2 3 1
5125 398.516 -190.814 188.7 2 3 1
5126 398.516 -191.014 188.7 2 3 1
5127 398.516 -201.714 188.7 2 3 1
5128 398.516 -201.914 188.7 2 3 1
5129 398.516 -212.614 188.7 2 3 1
5130 398.516 -212.814 188.7 2 3 1
5131 398.516 -223.514 188.7 2 3 1
5200 -136.984 -218.514 -89.3 1 0 0
5201 -136.984 -218.514 -78.6 1 0 0
5202 -136.984 -218.514 -78.4 1 0 0
5203 -136.984 -218.514 -67.7 1 0 0
5204 -136.984 -218.514 -67.5 1 0 0
5205 -136.984 -218.514 -56.8 1 0 0
5206 -136.984 -218.514 -56.6 1 0 0
5207 -136.984 -218.514 -45.9 1 0 0
5208 -136.984 -218.514 -45.7 1 0 0
5209 -136.984 -218.514 -35 1 0 0
5210 -136.984 -218.514 -34.8 1 0 0
5211 -136.984 -218.514 -24.1 1 0 0
5212 -136.984 -218.514 -23.9 1 0 0
5213 -136.984 -218.514 -13.2 1 0 0
5214 -136.984 -218.514 -13 1 0 0
5215 -136.984 -218.514 -2.3 1 0 0
5216 -136.984 -218.514 -2.1 1 0 0
5217 -136.984 -218.514 8.6 1 0 0
5218 -136.984 -218.514 8.8 1 0 0
5219 -136.984 -218.514 19.5 1 0 0
5220 -136.984 -218.514 19.7 1 0 0
5221 -136.984 -218.514 30.4 1 0 0
5222 -136.984 -218.514 30.6 1 0 0
5223 -136.984 -218.514 41.3 1 0 0
5224 -136.984 -218.514 41.5 1 0 0
5225 -136.984 -218.514 52.2 1 0 0
5226 -136.984 -218.514 52.4 1 0 0
5227 -136.984 -218.514 63.1 1 0 0
5228 -136.984 -218.514 63.3 1 0 0
5229 -136.984 -218.514 74 1 0 0
5230 -136.984 -218.514 74.2 1 0 0
5231 -136.984 -218.514 84.9 1 0 0
5300 388.016 275.686 1120.7 2 1 1
5301 388.016 264.986 1120.7 2 1 1
5302 388.016 264.786 1120.7 2 1 1
5303 388.016 254.086 1120.7 2 1 1
5304 388.016 253.886 1120.7 2 1 1
5305 388.016 243.186 1120.7 2 1 1
5306 388.016 242.986 1120.7 2 1 1
5307 388.016 232.286 1120.7 2 1 1
5308 388.016 232.086 1120.7 2 1 1
5309 388.016 221.386 1120.7 2 1 1
5310 388.016 221.186 1120.7 2 1 1
5311 388.016 210.486 1120.7 2 1 1
5312 388.016 210.286 1120.7 2 1 1
5313 388.016 199.586 1120.7 2 1 1
5314 388.016 199.386 1120.7 2 1 1
5315 388.016 188.686 1120.7 2 1 1
5316 388.016 188.486 1120.7 2 1 1
5317 388.016 177.786 1120.7 2 1 1
5318 388.016 177.586 1120.7 2 1 1
5319 388.016 166.886 1120.7 2 1 1
5320 388.016 166.686 1120.7 2 1 1
5321 388.016 155.986 1120.7 2 1 1
5322 388.016 155.786 1120.7 2 1 1
5323 388.016 145.086 1120.7 2 1 1
5324 388.016 144.886 1120.7 2 1 1
5325 388.016 134.186 1120.7 2 1 1
5326 388.016 133.986 1120.7 2 1 1
5327 388.016 123.286 1120.7 2 1 1
5328 388.016 123.086 1120.7 2 1 1
5329 388.016 112.386 1120.7 2 1 1
5330 388.016 112.186 1120.7 2 1 1
5331 388.016 101.486 1120.7 2 1 1
5400 388.016 275.686 724.2 2 1 1
5401 388.016 264.986 724.2 2 1 1
5402 388.016 264.786 724.2 2 1 1
5403 388.016 254.086 724.2 2 1 1
5404 388.016 253.886 724.2 2 1 1
5405 388.016 243.186 724.2 2 1 1
5406 388.016 242.986 724.2 2 1 1
5407 388.016 232.286 724.2 2 1 1
5408 388.016 232.086 724.2 2 1 1
5409 388.016 221.386 724.2 2 1 1
5410 388.016 221.186 724.2 2 1 1
5411 388.016 210.486 724.2 2 1 1
5412 388.016 210.286 724.2 2 1 1
5413 388.016 199.586 724.2 2 1 1
5414 388.016 199.386 724.2 2 1 1
5415 388.016 188.686 724.2 2 1 1
5416 388.016 188.486 724.2 2 1 1
5417 388.016 177.786 724.2 2 1 1
5418 388.016 177.586 724.2 2 1 1
5419 388.016 166.886 724.2 2 1 1
5420 388.016 166.686 724.2 2 1 1
5421 388.016 155.986 724.2 2 1 1
5422 388.016 155.786 724.2 2 1 1
5423 388.016 145.086 724.2 2 1 1
5424 388.016 144.886 724.2 2 1 1
5425 388.016 134.186 724.2 2 1 1
5426 388.016 133.986 724.2 2 1 1
5427 388.016 123.286 724.2 2 1 1
5428 388.016 123.086 724.2 2 1 1
5429 388.016 112.386 724.2 2 1 1
5430 388.016 112.186 724.2 2 1 1
5431 388.016 101.486 724.2 2 1 1
5500 388.016 275.686 327.7 2 1 1
5501 388.016 264.986 327.7 2 1 1
5502 388.016 264.786 327.7 2 1 1
5503 388.016 254.086 327.7 2 1 1
5504 388.016 253.886 327.7 2 1 1
5505 388.016 243.186 327.7 2 1 1
5506 388.016 242.986 327.7 2 1 1
5507 388.016 232.286 327.7 2 1 1
5508 388.016 232.086 327.7 2 1 1
5509 388.016 221.386 327.7 2 1 1
5510 388.016 221.186 327.7 2 1 1
5511 388.016 210.486 327.7 2 1 1
5512 388.016 210.286 327.7 2 1 1
5513 388.016 199.586 327.7 2 1 1
5514 388.016 199.386 327.7 2 1 1
5515 388.016 188.686 327.7 2 1 1
5516 388.016 188.486 327.7 2 1 1
5517 388.016 177.786 327.7 2 1 1
5518 388.016 177.586 327.7 2 1 1
5519 388.016 166.886 327.7 2 1 1
5520 388.016 166.686 327.7 2 1 1
5521 388.016 155.986 327.7 2 1 1
5522 388.016 155.786 327.7 2 1 1
5523 388.016 145.086 327.7 2 1 1
5524 388.016 144.886 327.7 2 1 1
5525 388.016 134.186 327.7 2 1 1
5526 388.016 133.986 327.7 2 1 1
5527 388.016 123.286 327.7 2 1 1
5528 388.016 123.086 327.7 2 1 1
5529 388.016 112.386 327.7 2 1 1
5530 388.016 112.186 327.7 2 1 1
5531 388.016 101.486 327.7 2 1 1
5600 -147.984 125.686 1120.7 1 1 1
5601 -147.984 114.986 1120.7 1 1 1
5602 -147.984 114.786 1120.7 1 1 1
5603 -147.984 104.086 1120.7 1 1 1
5604 -147.984 103.886 1120.7 1 1 1
5605 -147.984 93.186 1120.7 1 1 1
5606 -147.984 92.986 1120.7 1 1 1
5607 -147.984 82.286 1120.7 1 1 1
5608 -147.984 82.086 1120.7 1 1 1
5609 -147.984 71.386 1120.7 1 1 1
5610 -147.984 71.186 1120.7 1 1 1
5611 -147.984 60.486 1120.7 1 1 1
5612 -147.984 60.286 1120.7 1 1 1
5613 -147.984 49.586 1120.7 1 1 1
5614 -147.984 49.386 1120.7 1 1 1
5615 -147.984 38.686 1120.7 1 1 1
5616 -147.984 38.486 1120.7 1 1 1
5617 -147.984 27.786 1120.7 1 1 1
5618 -147.984 27.586 1120.7 1 1 1
5619 -147.984 16.886 1120.7 1 1 1
5620 -147.984 16.686 1120.7 1 1 1
5621 -147.984 5.986 1120.7 1 1 1
5622 -147.984 5.786 1120.7 1 1 1
5623 -147.984 -4.914 1120.7 1 1 1
5624 -147.984 -5.114 1120.7 1 1 1
5625 -147.984 -15.814 1120.7 1 1 1
5626 -147.984 -16.014 1120.7 1 1 1
5627 -147.984 -26.714 1120.7 1 1 1
5628 -147.984 -26.914 1120.7 1 1 1
5629 -147.984 -37.614 1120.7 1 1 1
5630 -147.984 -37.814 1120.7 1 1 1
5631 -147.984 -48.514 1120.7 1 1 1
5700 -147.984 -54.414 1120.7 1 1 1
5701 -147.984 -65.114 1120.7 1 1 1
5702 -147.984 -65.314 1120.7 1 1 1
5703 -147.984 -76.014 1120.7 1 1 1
5704 -147.984 -76.214 1120.7 1 1 1
5705 -147.984 -86.914 1120.7 1 1 1
5706 -147.984 -87.114 1120.7 1 1 1
5707 -147.984 -97.814 1120.7 1 1 1
5708 -147.984 -98.014 1120.7 1 1 1
5709 -147.984 -108.714 1120.7 1 1 1
5710 -147.984 -108.914 1120.7 1 1 1
5711 -147.984 -119.614 1120.7 1 1 1
5712 -147.984 -119.814 1120.7 1 1 1
5713 -147.984 -130.514 1120.7 1 1 1
5714 -147.984 -130.714 1120.7 1 1 1
5715 -147.984 -141.414 1120.7 1 1 1
5716 -147.984 -141.614 1120.7 1 1 1
5717 -147.984 -152.314 1120.7 1 1 1
5718 -147.984 -152.514 1120.7 1 1 1
5719 -147.984 -163.214 1120.7 1 1 1
5720 -147.984 -163.414 1120.7 1 1 1
5721 -147.984 -174.114 1120.7 1 1 1
5722 -147.984 -174.314 1120.7 1 1 1
5723 -147.984 -185.014 1120.7 1 1 1
5724 -147.984 -185.214 1120.7 1 1 1
5725 -147.984 -195.914 1120.7 1 1 1
5726 -147.984 -196.114 1120.7 1 1 1
5727 -147.984 -206.814 1120.7 1 1 1
5728 -147.984 -207.014 1120.7 1 1 1
5729 -147.984 -217.714 1120.7 1 1 1
5730 -147.984 -217.914 1120.7 1 1 1
5731 -147.984 -228.614 1120.7 1 1 1
5800 -147.984 125.686 716.7 1 1 1
5801 -147.984 114.986 716.7 1 1 1
5802 -147.984 114.786 716.7 1 1 1
5803 -147.984 104.086 716.7 1 1 1
5804 -147.984 103.886 716.7 1 1 1
5805 -147.984 93.186 716.7 1 1 1
5806 -147.984 92.986 716.7 1 1 1
5807 -147.984 82.286 716.7 1 1 1
5808 -147.984 82.086 716.7 1 1 1
5809 -147.984 71.386 716.7 1 1 1
5810 -147.984 71.186 716.7 1 1 1
5811 -147.984 60.486 716.7 1 1 1
5812 -147.984 60.286 716.7 1 1 1
5813 -147.984 49.586 716.7 1 1 1
5814 -147.984 49.386 716.7 1 1 1
5815 -147.984 38.686 716.7 1 1 1
5816 -147.984 38.486 716.7 1 1 1
5817 -147.984 27.786 716.7 1 1 1
5818 -147.984 27.586 716.7 1 1 1
5819 -147.984 16.886 716.7 1 1 1
5820 -147.984 16.686 716.7 1 1 1
5821 -147.984 5.986 716.7 1 1 1
5822 -147.984 5.786 716.7 1 1 1
5823 -147.984 -4.914 716.7 1 1 1
5824 -147.984 -5.114 716.7 1 1 1
5825 -147.984 -15.814 716.7 1 1 1
5826 -147.984 -16.014 716.7 1 1 1
5827 -147.984 -26.714 716.7 1 1 1
5828 -147.984 -26.914 716.7 1 1 1
5829 -147.984 -37.614 716.7 1 1 1
5830 -147.984 -37.814 716.7 1 1 1
5831 -147.984 -48.514 716.7 1 1 1
5900 -147.984 -54.414 716.7 1 1 1
5901 -147.984 -65.114 716.7 1 1 1
5902 -147.984 -65.314 716.7 1 1 1
5903 -147.984 -76.014 716.7 1 1 1
5904 -147.984 -76.214 716.7 1 1 1
5905 -147.984 -86.914 716.7 1 1 1
5906 -147.984 -87.114 716.7 1 1 1
5907 -147.984 -97.814 716.7 1 1 1
5908 -147.984 -98.014 716.7 1 1 1
5909 -147.984 -108.714 716.7 1 1 1
5910 -147.984 -108.914 716.7 1 1 1
5911 -147.984 -119.614 716.7 1 1 1
5912 -147.984 -119.814 716.7 1 1 1
5913 -147.984 -130.514 716.7 1 1 1
5914 -147.984 -130.714 716.7 1 1 1
5915 -147.984 -141.414 716.7 1 1 1
5916 -147.984 -141.614 716.7 1 1 1
5917 -147.984 -152.314 716.7 1 1 1
5918 -147.984 -152.514 716.7 1 1 1
5919 -147.984 -163.214 716.7 1 1 1
5920 -147.984 -163.414 716.7 1 1 1
5921 -147.984 -174.114 716.7 1 1 1
5922 -147.984 -174.314 716.7 1 1 1
5923 -147.984 -185.014 716.7 1 1 1
5924 -147.984 -185.214 716.7 1 1 1
5925 -147.984 -195.914 716.7 1 1 1
5926 -147.984 -196.114 716.7 1 1 1
5927 -147.984 -206.814 716.7 1 1 1
5928 -147.984 -207.014 716.7 1 1 1
5929 -147.984 -217.714 716.7 1 1 1
5930 -147.984 -217.914 716.7 1 1 1
5931 -147.984 -228.614 716.7 1 1 1
6000 -147.984 125.686 312.7 1 1 1
6001 -147.984 114.986 312.7 1 1 1
6002 -147.984 114.786 312.7 1 1 1
6003 -147.984 104.086 312.7 1 1 1
6004 -147.984 103.886 312.7 1 1 1
6005 -147.984 93.186 312.7 1 1 1
6006 -147.984 92.986 312.7 1 1 1
6007 -147.984 82.286 312.7 1 1 1
6008 -147.984 82.086 312.7 1 1 1
6009 -147.984 71.386 312.7 1 1 1
6010 -147.984 71.186 312.7 1 1 1
6011 -147.984 60.486 312.7 1 1 1
6012 -147.984 60.286 312.7 1 1 1
6013 -147.984 49.586 312.7 1 1 1
6014 -147.984 49.386 312.7 1 1 1
6015 -147.984 38.686 312.7 1 1 1
6016 -147.984 38.486 312.7 1 1 1
6017 -147.984 27.786 312.7 1 1 1
6018 -147.984 27.586 312.7 1 1 1
6019 -147.984 16.886 312.7 1 1 1
6020 -147.984 16.686 312.7 1 1 1
6021 -147.984 5.986 312.7 1 1 1
6022 -147.984 5.786 312.7 1 1 1
6023 -147.984 -4.914 312.7 1 1 1
6024 -147.984 -5.114 312.7 1 1 1
6025 -147.984 -15.814 312.7 1 1 1
6026 -147.984 -16.014 312.7 1 1 1
6027 -147.984 -26.714 312.7 1 1 1
6028 -147.984 -26.914 312.7 1 1 1
6029 -147.984 -37.614 312.7 1 1 1
6030 -147.984 -37.814 312.7 1 1 1
6031 -147.984 -48.514 312.7 1 1 1
6100 -147.984 -54.414 312.7 1 1 1
6101 -147.984 -65.114 312.7 1 1 1
6102 -147.984 -65.314 312.7 1 1 1
6103 -147.984 -76.014 312.7 1 1 1
6104 -147.984 -76.214 312.7 1 1 1
6105 -147.984 -86.914 312.7 1 1 1
6106 -147.984 -87.114 312.7 1 1 1
6107 -147.984 -97.814 312.7 1 1 1
6108 -147.984 -98.014 312.7 1 1 1
6109 -147.984 -108.714 312.7 1 1 1
6110 -147.984 -108.914 312.7 1 1 1
6111 -147.984 -119.614 312.7 1 1 1
6112 -147.984 -119.814 312.7 1 1 1
6113 -147.984 -130.514 312.7 1 1 1
6114 -147.984 -130.714 312.7 1 1 1
6115 -147.984 -141.414 312.7 1 1 1
6116 -147.984 -141.614 312.7 1 1 1
6117 -147.984 -152.314 312.7 1 1 1
6118 -147.984 -152.514 312.7 1 1 1
6119 -147.984 -163.214 312.7 1 1 1
6120 -147.984 -163.414 312.7 1 1 1
6121 -147.984 -174.114 312.7 1 1 1
6122 -147.984 -174.314 312.7 1 1 1
6123 -147.984 -185.014 312.7 1 1 1
6124 -147.984 -185.214 312.7 1 1 1
6125 -147.984 -195.914 312.7 1 1 1
6126 -147.984 -196.114 312.7 1 1 1
6127 -147.984 -206.814 312.7 1 1 1
6128 -147.984 -207.014 312.7 1 1 1
6129 -147.984 -217.714 312.7 1 1 1
6130 -147.984 -217.914 312.7 1 1 1
6131 -147.984 -228.614 312.7 1 1 1
6131 -147.984 -228.614 312.7 1 1 1
10700 -230 657 450 3 0 1
10701 -230 657 461.1 3 0 1
10702 -230 657 461.4 3 0 1
10703 -230 657 472.5 3 0 1
10704 -230 657 472.8 3 0 1
10705 -230 657 483.9 3 0 1
10706 -230 657 484.2 3 0 1
10707 -230 657 495.3 3 0 1
10708 -230 657 495.6 3 0 1
10709 -230 657 506.7 3 0 1
10710 -230 657 507 3 0 1
10711 -230 657 518.1 3 0 1
10712 -230 657 518.4 3 0 1
10713 -230 657 529.5 3 0 1
10714 -230 657 529.8 3 0 1
10715 -230 657 540.9 3 0 1
10716 -230 657 541.2 3 0 1
10717 -230 657 552.3 3 0 1
10718 -230 657 552.6 3 0 1
10719 -230 657 563.7 3 0 1
10720 -230 657 564 3 0 1
10721 -230 657 575.1 3 0 1
10722 -230 657 575.4 3 0 1
10723 -230 657 586.5 3 0 1
10724 -230 657 586.8 3 0 1
10725 -230 657 597.9 3 0 1
10726 -230 657 598.2 3 0 1
10727 -230 657 609.3 3 0 1
10728 -230 657 609.6 3 0 1
10729 -230 657 620.7 3 0 1
10730 -230 657 621 3 0 1
10731 -230 657 632.1 3 0 1
10600 -230 657 631.9 3 0 1
10601 -230 657 643 3 0 1
10602 -230 657 643.3 3 0 1
10603 -230 657 654.4 3 0 1
10604 -230 657 654.7 3 0 1
10605 -230 657 665.8 3 0 1
10606 -230 657 666.1 3 0 1
10607 -230 657 677.2 3 0 1
10608 -230 657 677.5 3 0 1
10609 -230 657 688.6 3 0 1
10610 -230 657 688.9 3 0 1
10611 -230 657 700 3 0 1
10612 -230 657 700.3 3 0 1
10613 -230 657 711.4 3 0 1
10614 -230 657 711.7 3 0 1
10615 -230 657 722.8 3 0 1
10616 -230 657 723.1 3 0 1
10617 -230 657 734.2 3 0 1
10618 -230 657 734.5 3 0 1
10619 -230 657 745.6 3 0 1
10620 -230 657 745.9 3 0 1
10621 -230 657 757 3 0 1
10622 -230 657 757.3 3 0 1
10623 -230 657 768.4 3 0 1
10624 -230 657 768.7 3 0 1
10625 -230 657 779.8 3 0 1
10626 -230 657 780.1 3 0 1
10627 -230 657 791.2 3 0 1
10628 -230 657 791.5 3 0 1
10629 -230 657 802.6 3 0 1
10630 -230 657 802.9 3 0 1
10631 -230 657 814 3 0 1
10500 -230 657 813.8 3 0 1
10501 -230 657 824.9 3 0 1
10502 -230 657 825.2 3 0 1
10503 -230 657 836.3 3 0 1
10504 -230 657 836.6 3 0 1
10505 -230 657 847.7 3 0 1
10506 -230 657 848 3 0 1
10507 -230 657 859.1 3 0 1
10508 -230 657 859.4 3 0 1
10509 -230 657 870.5 3 0 1
10510 -230 657 870.8 3 0 1
10511 -230 657 881.9 3 0 1
10512 -230 657 882.2 3 0 1
10513 -230 657 893.3 3 0 1
10514 -230 657 893.6 3 0 1
10515 -230 657 904.7 3 0 1
10516 -230 657 905 3 0 1
10517 -230 657 916.1 3 0 1
10518 -230 657 916.4 3 0 1
10519 -230 657 927.5 3 0 1
10520 -230 657 927.8 3 0 1
10521 -230 657 938.9 3 0 1
10522 -230 657 939.2 3 0 1
10523 -230 657 950.3 3 0 1
10524 -230 657 950.6 3 0 1
10525 -230 657 961.7 3 0 1
10526 -230 657 962 3 0 1
10527 -230 657 973.1 3 0 1
10528 -230 657 973.4 3 0 1
10529 -230 657 984.5 3 0 1
10530 -230 657 984.8 3 0 1
10531 -230 657 995.9 3 0 1
10900 -230 657 995.7 3 0 1
10901 -230 657 1006.8 3 0 1
10902 -230 657 1007.1 3 0 1
10903 -230 657 1018.2 3 0 1
10904 -230 657 1018.5 3 0 1
10905 -230 657 1029.6 3 0 1
10906 -230 657 1029.9 3 0 1
10907 -230 657 1041 3 0 1
10908 -230 657 1041.3 3 0 1
10909 -230 657 1052.4 3 0 1
10910 -230 657 1052.7 3 0 1
10911 -230 657 1063.8 3 0 1
10912 -230 657 1064.1 3 0 1
10913 -230 657 1075.2 3 0 1
10914 -230 657 1075.5 3 0 1
10915 -230 657 1086.6 3 0 1
10916 -230 657 1086.9 3 0 1
10917 -230 657 1098 3 0 1
10918 -230 657 1098.3 3 0 1
10919 -230 657 1109.4 3 0 1
10920 -230 657 1109.7 3 0 1
10921 -230 657 1120.8 3 0 1
10922 -230 657 1121.1 3 0 1
10923 -230 657 1132.2 3 0 1
10924 -230 657 1132.5 3 0 1
10925 -230 657 1143.6 3 0 1
10926 -230 657 1143.9 3 0 1
10927 -230 657 1155 3 0 1
10928 -230 657 1155.3 3 0 1
10929 -230 657 1166.4 3 0 1
10930 -230 657 1166.7 3 0 1
10931 -230 657 1177.8 3 0 1
10831 490 657 631 3 0 1
10830 490 657 619.9 3 0 1
10829 490 657 619.6 3 0 1
10828 490 657 608.5 3 0 1
10827 490 657 608.2 3 0 1
10826 490 657 597.1 3 0 1
10825 490 657 596.8 3 0 1
10824 490 657 585.7 3 0 1
10823 490 657 585.4 3 0 1
10822 490 657 574.3 3 0 1
10821 490 657 574 3 0 1
10820 490 657 562.9 3 0 1
10819 490 657 562.6 3 0 1
10818 490 657 551.5 3 0 1
10817 490 657 551.2 3 0 1
10816 490 657 540.1 3 0 1
10815 490 657 539.8 3 0 1
10814 490 657 528.7 3 0 1
10813 490 657 528.4 3 0 1
10812 490 657 517.3 3 0 1
10811 490 657 517 3 0 1
10810 490 657 505.9 3 0 1
10809 490 657 505.6 3 0 1
10808 490 657 494.5 3 0 1
10807 490 657 494.2 3 0 1
10806 490 657 483.1 3 0 1
10805 490 657 482.8 3 0 1
10804 490 657 471.7 3 0 1
10803 490 657 471.4 3 0 1
10802 490 657 460.3 3 0 1
10801 490 657 460 3 0 1
10800 490 657 448.9 3 0 1
11231 490 657 449.6 3 0 1
11230 490 657 438.5 3 0 1
11229 490 657 438.2 3 0 1
11228 490 657 427.1 3 0 1
11227 490 657 426.8 3 0 1
11226 490 657 415.7 3 0 1
11225 490 657 415.4 3 0 1
11224 490 657 404.3 3 0 1
11223 490 657 404 3 0 1
11222 490 657 392.9 3 0 1
11221 490 657 392.6 3 0 1
11220 490 657 381.5 3 0 1
11219 490 657 381.2 3 0 1
11218 490 657 370.1 3 0 1
11217 490 657 369.8 3 0 1
11216 490 657 358.7 3 0 1
11215 490 657 358.4 3 0 1
11214 490 657 347.3 3 0 1
11213 490 657 347 3 0 1
11212 490 657 335.9 3 0 1
11211 490 657 335.6 3 0 1
11210 490 657 324.5 3 0 1
11209 490 657 324.2 3 0 1
11208 490 657 313.1 3 0 1
11207 490 657 312.8 3 0 1
11206 490 657 301.7 3 0 1
11205 490 657 301.4 3 0 1
11204 490 657 290.3 3 0 1
11203 490 657 290 3 0 1
11202 490 657 278.9 3 0 1
11201 490 657 278.6 3 0 1
11200 490 657 267.5 3 0 1
11131 490 657 268.2 3 0 1
11130 490 657 257.1 3 0 1
11129 490 657 256.8 3 0 1
11128 490 657 245.7 3 0 1
11127 490 657 245.4 3 0 1
11126 490 657 234.3 3 0 1
11125 490 657 234 3 0 1
11124 490 657 222.9 3 0 1
11123 490 657 222.6 3 0 1
11122 490 657 211.5 3 0 1
11121 490 657 211.2 3 0 1
11120 490 657 200.1 3 0 1
11119 490 657 199.8 3 0 1
11118 490 657 188.7 3 0 1
11117 490 657 188.4 3 0 1
11116 490 657 177.3 3 0 1
11115 490 657 177 3 0 1
11114 490 657 165.9 3 0 1
11113 490 657 165.6 3 0 1
11112 490 657 154.5 3 0 1
11111 490 657 154.2 3 0 1
11110 490 657 143.1 3 0 1
11109 490 657 142.8 3 0 1
11108 490 657 131.7 3 0 1
11107 490 657 131.4 3 0 1
11106 490 657 120.3 3 0 1
11105 490 657 120 3 0 1
11104 490 657 108.9 3 0 1
11103 490 657 108.6 3 0 1
11102 490 657 97.5 3 0 1
11101 490 657 97.2 3 0 1
11100 490 657 86.1 3 0 1
19531 310 657 1180 3 0 1
19530 310 657 1168.9 3 0 1
19529 310 657 1168.6 3 0 1
19528 310 657 1157.5 3 0 1
19527 310 657 1157.2 3 0 1
19526 310 657 1146.1 3 0 1
19525 310 657 1145.8 3 0 1
19524 310 657 1134.7 3 0 1
19523 310 657 1134.4 3 0 1
19522 310 657 1123.3 3 0 1
19521 310 657 1123 3 0 1
19520 310 657 1111.9 3 0 1
19519 310 657 1111.6 3 0 1
19518 310 657 1100.5 3 0 1
19517 310 657 1100.2 3 0 1
19516 310 657 1089.1 3 0 1
19515 310 657 1088.8 3 0 1
19514 310 657 1077.7 3 0 1
19513 310 657 1077.4 3 0 1
19512 310 657 1066.3 3 0 1
19511 310 657 1066 3 0 1
19510 310 657 1054.9 3 0 1
19509 310 657 1054.6 3 0 1
19508 310 657 1043.5 3 0 1
19507 310 657 1043.2 3 0 1
19506 310 657 1032.1 3 0 1
19505 310 657 1031.8 3 0 1
19504 310 657 1020.7 3 0 1
19503 310 657 1020.4 3 0 1
19502 310 657 1009.3 3 0 1
19501 310 657 1009 3 0 1
19500 310 657 997.9 3 0 1
12331 310 657 996.6 3 0 1
12330 310 657 985.5 3 0 1
12329 310 657 985.2 3 0 1
12328 310 657 974.1 3 0 1
12327 310 657 973.8 3 0 1
12326 310 657 962.7 3 0 1
12325 310 657 962.4 3 0 1
12324 310 657 951.3 3 0 1
12323 310 657 951 3 0 1
12322 310 657 939.9 3 0 1
12321 310 657 939.6 3 0 1
12320 310 657 928.5 3 0 1
12319 310 657 928.2 3 0 1
12318 310 657 917.1 3 0 1
12317 310 657 916.8 3 0 1
12316 310 657 905.7 3 0 1
12315 310 657 905.4 3 0 1
12314 310 657 894.3 3 0 1
12313 310 657 894 3 0 1
12312 310 657 882.9 3 0 1
12311 310 657 882.6 3 0 1
12310 310 657 871.5 3 0 1
12309 310 657 871.2 3 0 1
12308 310 657 860.1 3 0 1
12307 310 657 859.8 3 0 1
12306 310 657 848.7 3 0 1
12305 310 657 848.4 3 0 1
12304 310 657 837.3 3 0 1
12303 310 657 837 3 0 1
12302 310 657 825.9 3 0 1
12301 310 657 825.6 3 0 1
12300 310 657 814.5 3 0 1
12431 310 657 813.2 3 0 1
12430 310 657 802.1 3 0 1
12429 310 657 801.8 3 0 1
12428 310 657 790.7 3 0 1
12427 310 657 790.4 3 0 1
12426 310 657 779.3 3 0 1
12425 310 657 779 3 0 1
12424 310 657 767.9 3 0 1
12423 310 657 767.6 3 0 1
12422 310 657 756.5 3 0 1
12421 310 657 756.2 3 0 1
12420 310 657 745.1 3 0 1
12419 310 657 744.8 3 0 1
12418 310 657 733.7 3 0 1
12417 310 657 733.4 3 0 1
12416 310 657 722.3 3 0 1
12415 310 657 722 3 0 1
12414 310 657 710.9 3 0 1
12413 310 657 710.6 3 0 1
12412 310 657 699.5 3 0 1
12411 310 657 699.2 3 0 1
12410 310 657 688.1 3 0 1
12409 310 657 687.8 3 0 1
12408 310 657 676.7 3 0 1
12407 310 657 676.4 3 0 1
12406 310 657 665.3 3 0 1
12405 310 657 665 3 0 1
12404 310 657 653.9 3 0 1
12403 310 657 653.6 3 0 1
12402 310 657 642.5 3 0 1
12401 310 657 642.2 3 0 1
12400 310 657 631.1 3 0 1
12600 -50 657 97 3 0 1
12601 -50 657 85.9 3 0 1
12602 -50 657 108.4 3 0 1
12603 -50 657 97.3 3 0 1
12604 -50 657 119.8 3 0 1
12605 -50 657 108.7 3 0 1
12606 -50 657 131.2 3 0 1
12607 -50 657 120.1 3 0 1
12608 -50 657 142.6 3 0 1
12609 -50 657 131.5 3 0 1
12610 -50 657 154 3 0 1
12611 -50 657 142.9 3 0 1
12612 -50 657 165.4 3 0 1
12613 -50 657 154.3 3 0 1
12614 -50 657 176.8 3 0 1
12615 -50 657 165.7 3 0 1
12616 -50 657 188.2 3 0 1
12617 -50 657 177.1 3 0 1
12618 -50 657 199.6 3 0 1
12619 -50 657 188.5 3 0 1
12620 -50 657 211 3 0 1
12621 -50 657 199.9 3 0 1
12622 -50 657 222.4 3 0 1
12623 -50 657 211.3 3 0 1
12624 -50 657 233.8 3 0 1
12625 -50 657 222.7 3 0 1
12626 -50 657 245.2 3 0 1
12627 -50 657 234.1 3 0 1
12628 -50 657 256.6 3 0 1
12629 -50 657 245.5 3 0 1
12630 -50 657 268 3 0 1
12631 -50 657 256.9 3 0 1
12500 -50 657 279.4 3 0 1
12501 -50 657 268.3 3 0 1
12502 -50 657 290.8 3 0 1
12503 -50 657 279.7 3 0 1
12504 -50 657 302.2 3 0 1
12505 -50 657 291.1 3 0 1
12506 -50 657 313.6 3 0 1
12507 -50 657 302.5 3 0 1
12508 -50 657 325 3 0 1
12509 -50 657 313.9 3 0 1
12510 -50 657 336.4 3 0 1
12511 -50 657 325.3 3 0 1
12512 -50 657 347.8 3 0 1
12513 -50 657 336.7 3 0 1
12514 -50 657 359.2 3 0 1
12515 -50 657 348.1 3 0 1
12516 -50 657 370.6 3 0 1
12517 -50 657 359.5 3 0 1
12518 -50 657 382 3 0 1
12519 -50 657 370.9 3 0 1
12520 -50 657 393.4 3 0 1
12521 -50 657 382.3 3 0 1
12522 -50 657 404.8 3 0 1
12523 -50 657 393.7 3 0 1
12524 -50 657 416.2 3 0 1
12525 -50 657 405.1 3 0 1
12526 -50 657 427.6 3 0 1
12527 -50 657 416.5 3 0 1
12528 -50 657 439 3 0 1
12529 -50 657 427.9 3 0 1
12530 -50 657 450.4 3 0 1
12531 -50 657 439.3 3 0 1
12800 130 657 -85 3 0 1
12801 130 657 -96.1 3 0 1
12802 130 657 -73.6 3 0 1
12803 130 657 -84.7 3 0 1
12804 130 657 -62.2 3 0 1
12805 130 657 -73.3 3 0 1
12806 130 657 -50.8 3 0 1
12807 130 657 -61.9 3 0 1
12808 130 657 -39.4 3 0 1
12809 130 657 -50.5 3 0 1
12810 130 657 -28 3 0 1
12811 130 657 -39.1 3 0 1
12812 130 657 -16.6 3 0 1
12813 130 657 -27.7 3 0 1
12814 130 657 -5.2 3 0 1
12815 130 657 -16.3 3 0 1
12816 130 657 6.2 3 0 1
12817 130 657 -4.9 3 0 1
12818 130 657 17.6 3 0 1
12819 130 657 6.5 3 0 1
12820 130 657 29 3 0 1
12821 130 657 17.9 3 0 1
12822 130 657 40.4 3 0 1
12823 130 657 29.3 3 0 1
12824 130 657 51.8 3 0 1
12825 130 657 40.7 3 0 1
12826 130 657 63.2 3 0 1
12827 130 657 52.1 3 0 1
12828 130 657 74.6 3 0 1
12829 130 657 63.5 3 0 1
12830 130 657 86 3 0 1
12831 130 657 74.9 3 0 1
11531 311.5 659.5 1180 3 1 0
11530 300.4 659.5 1180 3 1 0
11529 300.1 659.5 1180 3 1 0
11528 289 659.5 1180 3 1 0
11527 288.7 659.5 1180 3 1 0
11526 277.6 659.5 1180 3 1 0
11525 277.3 659.5 1180 3 1 0
11524 266.2 659.5 1180 3 1 0
11523 265.9 659.5 1180 3 1 0
11522 254.8 659.5 1180 3 1 0
11521 254.5 659.5 1180 3 1 0
11520 243.4 659.5 1180 3 1 0
11519 243.1 659.5 1180 3 1 0
11518 232 659.5 1180 3 1 0
11517 231.7 659.5 1180 3 1 0
11516 220.6 659.5 1180 3 1 0
11515 220.3 659.5 1180 3 1 0
11514 209.2 659.5 1180 3 1 0
11513 208.9 659.5 1180 3 1 0
11512 197.8 659.5 1180 3 1 0
11511 197.5 659.5 1180 3 1 0
11510 186.4 659.5 1180 3 1 0
11509 186.1 659.5 1180 3 1 0
11508 175 659.5 1180 3 1 0
11507 174.7 659.5 1180 3 1 0
11506 163.6 659.5 1180 3 1 0
11505 163.3 659.5 1180 3 1 0
11504 152.2 659.5 1180 3 1 0
11503 151.9 659.5 1180 3 1 0
11502 140.8 659.5 1180 3 1 0
11501 140.5 659.5 1180 3 1 0
11500 129.4 659.5 1180 3 1 0
11431 128.1 659.5 1180 3 1 0
11430 117 659.5 1180 3 1 0
11429 116.7 659.5 1180 3 1 0
11428 105.6 659.5 1180 3 1 0
11427 105.3 659.5 1180 3 1 0
11426 94.2 659.5 1180 3 1 0
11425 93.9 659.5 1180 3 1 0
11424 82.8 659.5 1180 3 1 0
11423 82.5 659.5 1180 3 1 0
11422 71.4 659.5 1180 3 1 0
11421 71.1 659.5 1180 3 1 0
11420 60 659.5 1180 3 1 0
11419 59.7 659.5 1180 3 1 0
11418 48.6 659.5 1180 3 1 0
11417 48.3 659.5 1180 3 1 0
11416 37.2 659.5 1180 3 1 0
11415 36.9 659.5 1180 3 1 0
11414 25.8 659.5 1180 3 1 0
11413 25.5 659.5 1180 3 1 0
11412 14.4 659.5 1180 3 1 0
11411 14.1 659.5 1180 3 1 0
11410 3 659.5 1180 3 1 0
11409 2.7 659.5 1180 3 1 0
11408 -8.4 659.5 1180 3 1 0
11407 -8.7 659.5 1180 3 1 0
11406 -19.8 659.5 1180 3 1 0
11405 -20.1 659.5 1180 3 1 0
11404 -31.2 659.5 1180 3 1 0
11403 -31.5 659.5 1180 3 1 0
11402 -42.6 659.5 1180 3 1 0
11401 -42.9 659.5 1180 3 1 0
11400 -54 659.5 1180 3 1 0
11331 -56.8 659.5 1180 3 1 0
11330 -67.9 659.5 1180 3 1 0
11329 -68.2 659.5 1180 3 1 0
11328 -79.3 659.5 1180 3 1 0
11327 -79.6 659.5 1180 3 1 0
11326 -90.7 659.5 1180 3 1 0
11325 -91 659.5 1180 3 1 0
11324 -102.1 659.5 1180 3 1 0
11323 -102.4 659.5 1180 3 1 0
11322 -113.5 659.5 1180 3 1 0
11321 -113.8 659.5 1180 3 1 0
11320 -124.9 659.5 1180 3 1 0
11319 -125.2 659.5 1180 3 1 0
11318 -136.3 659.5 1180 3 1 0
11317 -136.6 659.5 1180 3 1 0
11316 -147.7 659.5 1180 3 1 0
11315 -148 659.5 1180 3 1 0
11314 -159.1 659.5 1180 3 1 0
11313 -159.4 659.5 1180 3 1 0
11312 -170.5 659.5 1180 3 1 0
11311 -170.8 659.5 1180 3 1 0
11310 -181.9 659.5 1180 3 1 0
11309 -182.2 659.5 1180 3 1 0
11308 -193.3 659.5 1180 3 1 0
11307 -193.6 659.5 1180 3 1 0
11306 -204.7 659.5 1180 3 1 0
11305 -205 659.5 1180 3 1 0
11304 -216.1 659.5 1180 3 1 0
11303 -216.4 659.5 1180 3 1 0
11302 -227.5 659.5 1180 3 1 0
11301 -227.8 659.5 1180 3 1 0
11300 -238.9 659.5 1180 3 1 0
11831 311.5 659.5 820 3 1 0
11830 300.4 659.5 820 3 1 0
11829 300.1 659.5 820 3 1 0
11828 289 659.5 820 3 1 0
11827 288.7 659.5 820 3 1 0
11826 277.6 659.5 820 3 1 0
11825 277.3 659.5 820 3 1 0
11824 266.2 659.5 820 3 1 0
11823 265.9 659.5 820 3 1 0
11822 254.8 659.5 820 3 1 0
11821 254.5 659.5 820 3 1 0
11820 243.4 659.5 820 3 1 0
11819 243.1 659.5 820 3 1 0
11818 232 659.5 820 3 1 0
11817 231.7 659.5 820 3 1 0
11816 220.6 659.5 820 3 1 0
11815 220.3 659.5 820 3 1 0
11814 209.2 659.5 820 3 1 0
11813 208.9 659.5 820 3 1 0
11812 197.8 659.5 820 3 1 0
11811 197.5 659.5 820 3 1 0
11810 186.4 659.5 820 3 1 0
11809 186.1 659.5 820 3 1 0
11808 175 659.5 820 3 1 0
11807 174.7 659.5 820 3 1 0
11806 163.6 659.5 820 3 1 0
11805 163.3 659.5 820 3 1 0
11804 152.2 659.5 820 3 1 0
11803 151.9 659.5 820 3 1 0
11802 140.8 659.5 820 3 1 0
11801 140.5 659.5 820 3 1 0
11800 129.4 659.5 820 3 1 0
11731 128.1 659.5 820 3 1 0
11730 117 659.5 820 3 1 0
11729 116.7 659.5 820 3 1 0
11728 105.6 659.5 820 3 1 0
11727 105.3 659.5 820 3 1 0
11726 94.2 659.5 820 3 1 0
11725 93.9 659.5 820 3 1 0
11724 82.8 659.5 820 3 1 0
11723 82.5 659.5 820 3 1 0
11722 71.4 659.5 820 3 1 0
11721 71.1 659.5 820 3 1 0
11720 60 659.5 820 3 1 0
11719 59.7 659.5 820 3 1 0
11718 48.6 659.5 820 3 1 0
11717 48.3 659.5 820 3 1 0
11716 37.2 659.5 820 3 1 0
11715 36.9 659.5 820 3 1 0
11714 25.8 659.5 820 3 1 0
11713 25.5 659.5 820 3 1 0
11712 14.4 659.5 820 3 1 0
11711 14.1 659.5 820 3 1 0
11710 3 659.5 820 3 1 0
11709 2.7 659.5 820 3 1 0
11708 -8.4 659.5 820 3 1 0
11707 -8.7 659.5 820 3 1 0
11706 -19.8 659.5 820 3 1 0
11705 -20.1 659.5 820 3 1 0
11704 -31.2 659.5 820 3 1 0
11703 -31.5 659.5 820 3 1 0
11702 -42.6 659.5 820 3 1 0
11701 -42.9 659.5 820 3 1 0
11700 -54 659.5 820 3 1 0
11631 -56.8 659.5 820 3 1 0
11630 -67.9 659.5 820 3 1 0
11629 -68.2 659.5 820 3 1 0
11628 -79.3 659.5 820 3 1 0
11627 -79.6 659.5 820 3 1 0
11626 -90.7 659.5 820 3 1 0
11625 -91 659.5 820 3 1 0
11624 -102.1 659.5 820 3 1 0
11623 -102.4 659.5 820 3 1 0
11622 -113.5 659.5 820 3 1 0
11621 -113.8 659.5 820 3 1 0
11620 -124.9 659.5 820 3 1 0
11619 -125.2 659.5 820 3 1 0
11618 -136.3 659.5 820 3 1 0
11617 -136.6 659.5 820 3 1 0
11616 -147.7 659.5 820 3 1 0
11615 -148 659.5 820 3 1 0
11614 -159.1 659.5 820 3 1 0
11613 -159.4 659.5 820 3 1 0
11612 -170.5 659.5 820 3 1 0
11611 -170.8 659.5 820 3 1 0
11610 -181.9 659.5 820 3 1 0
11609 -182.2 659.5 820 3 1 0
11608 -193.3 659.5 820 3 1 0
11607 -193.6 659.5 820 3 1 0
11606 -204.7 659.5 820 3 1 0
11605 -205 659.5 820 3 1 0
11604 -216.1 659.5 820 3 1 0
11603 -216.4 659.5 820 3 1 0
11602 -227.5 659.5 820 3 1 0
11601 -227.8 659.5 820 3 1 0
11600 -238.9 659.5 820 3 1 0
12731 490 659.5 640 3 1 0
12730 478.9 659.5 640 3 1 0
12729 478.6 659.5 640 3 1 0
12728 467.5 659.5 640 3 1 0
12727 467.2 659.5 640 3 1 0
12726 456.1 659.5 640 3 1 0
12725 455.8 659.5 640 3 1 0
12724 444.7 659.5 640 3 1 0
12723 444.4 659.5 640 3 1 0
12722 433.3 659.5 640 3 1 0
12721 433 659.5 640 3 1 0
12720 421.9 659.5 640 3 1 0
12719 421.6 659.5 640 3 1 0
12718 410.5 659.5 640 3 1 0
12717 410.2 659.5 640 3 1 0
12716 399.1 659.5 640 3 1 0
12715 398.8 659.5 640 3 1 0
12714 387.7 659.5 640 3 1 0
12713 387.4 659.5 640 3 1 0
12712 376.3 659.5 640 3 1 0
12711 376 659.5 640 3 1 0
12710 364.9 659.5 640 3 1 0
12709 364.6 659.5 640 3 1 0
12708 353.5 659.5 640 3 1 0
12707 353.2 659.5 640 3 1 0
12706 342.1 659.5 640 3 1 0
12705 341.8 659.5 640 3 1 0
12704 330.7 659.5 640 3 1 0
12703 330.4 659.5 640 3 1 0
12702 319.3 659.5 640 3 1 0
12701 319 659.5 640 3 1 0
12700 307.9 659.5 640 3 1 0
12131 490 659.5 100 3 1 0
12130 478.9 659.5 100 3 1 0
12129 478.6 659.5 100 3 1 0
12128 467.5 659.5 100 3 1 0
12127 467.2 659.5 100 3 1 0
12126 456.1 659.5 100 3 1 0
12125 455.8 659.5 100 3 1 0
12124 444.7 659.5 100 3 1 0
12123 444.4 659.5 100 3 1 0
12122 433.3 659.5 100 3 1 0
12121 433 659.5 100 3 1 0
12120 421.9 659.5 100 3 1 0
12119 421.6 659.5 100 3 1 0
12118 410.5 659.5 100 3 1 0
12117 410.2 659.5 100 3 1 0
12116 399.1 659.5 100 3 1 0
12115 398.8 659.5 100 3 1 0
12114 387.7 659.5 100 3 1 0
12113 387.4 659.5 100 3 1 0
12112 376.3 659.5 100 3 1 0
12111 376 659.5 100 3 1 0
12110 364.9 659.5 100 3 1 0
12109 364.6 659.5 100 3 1 0
12108 353.5 659.5 100 3 1 0
12107 353.2 659.5 100 3 1 0
12106 342.1 659.5 100 3 1 0
12105 341.8 659.5 100 3 1 0
12104 330.7 659.5 100 3 1 0
12103 330.4 659.5 100 3 1 0
12102 319.3 659.5 100 3 1 0
12101 319 659.5 100 3 1 0
12100 307.9 659.5 100 3 1 0
12031 308.6 659.5 100 3 1 0
12030 297.5 659.5 100 3 1 0
12029 297.2 659.5 100 3 1 0
12028 286.1 659.5 100 3 1 0
12027 285.8 659.5 100 3 1 0
12026 274.7 659.5 100 3 1 0
12025 274.4 659.5 100 3 1 0
12024 263.3 659.5 100 3 1 0
12023 263 659.5 100 3 1 0
12022 251.9 659.5 100 3 1 0
12021 251.6 659.5 100 3 1 0
12020 240.5 659.5 100 3 1 0
12019 240.2 659.5 100 3 1 0
12018 229.1 659.5 100 3 1 0
12017 228.8 659.5 100 3 1 0
12016 217.7 659.5 100 3 1 0
12015 217.4 659.5 100 3 1 0
12014 206.3 659.5 100 3 1 0
12013 206 659.5 100 3 1 0
12012 194.9 659.5 100 3 1 0
12011 194.6 659.5 100 3 1 0
12010 183.5 659.5 100 3 1 0
12009 183.2 659.5 100 3 1 0
12008 172.1 659.5 100 3 1 0
12007 171.8 659.5 100 3 1 0
12006 160.7 659.5 100 3 1 0
12005 160.4 659.5 100 3 1 0
12004 149.3 659.5 100 3 1 0
12003 149 659.5 100 3 1 0
12002 137.9 659.5 100 3 1 0
12001 137.6 659.5 100 3 1 0
12000 126.5 659.5 100 3 1 0
11931 127.7 659.5 100 3 1 0
11930 116.6 659.5 100 3 1 0
11929 116.3 659.5 100 3 1 0
11928 105.2 659.5 100 3 1 0
11927 104.9 659.5 100 3 1 0
11926 93.8 659.5 100 3 1 0
11925 93.5 659.5 100 3 1 0
11924 82.4 659.5 100 3 1 0
11923 82.1 659.5 100 3 1 0
11922 71 659.5 100 3 1 0
11921 70.7 659.5 100 3 1 0
11920 59.6 659.5 100 3 1 0
11919 59.3 659.5 100 3 1 0
11918 48.2 659.5 100 3 1 0
11917 47.9 659.5 100 3 1 0
11916 36.8 659.5 100 3 1 0
11915 36.5 659.5 100 3 1 0
11914 25.4 659.5 100 3 1 0
11913 25.1 659.5 100 3 1 0
11912 14 659.5 100 3 1 0
11911 13.7 659.5 100 3 1 0
11910 2.6 659.5 100 3 1 0
11909 2.3 659.5 100 3 1 0
11908 -8.8 659.5 100 3 1 0
11907 -9.1 659.5 100 3 1 0
11906 -20.2 659.5 100 3 1 0
11905 -20.5 659.5 100 3 1 0
11904 -31.6 659.5 100 3 1 0
11903 -31.9 659.5 100 3 1 0
11902 -43 659.5 100 3 1 0
11901 -43.3 659.5 100 3 1 0
11900 -54.4 659.5 100 3 1 0
12931 309 659.5 -80 3 1 0
12930 297.9 659.5 -80 3 1 0
12929 297.6 659.5 -80 3 1 0
12928 286.5 659.5 -80 3 1 0
12927 286.2 659.5 -80 3 1 0
12926 275.1 659.5 -80 3 1 0
12925 274.8 659.5 -80 3 1 0
12924 263.7 659.5 -80 3 1 0
12923 263.4 659.5 -80 3 1 0
12922 252.3 659.5 -80 3 1 0
12921 252 659.5 -80 3 1 0
12920 240.9 659.5 -80 3 1 0
12919 240.6 659.5 -80 3 1 0
12918 229.5 659.5 -80 3 1 0
12917 229.2 659.5 -80 3 1 0
12916 218.1 659.5 -80 3 1 0
12915 217.8 659.5 -80 3 1 0
12914 206.7 659.5 -80 3 1 0
12913 206.4 659.5 -80 3 1 0
12912 195.3 659.5 -80 3 1 0
12911 195 659.5 -80 3 1 0
12910 183.9 659.5 -80 3 1 0
12909 183.6 659.5 -80 3 1 0
12908 172.5 659.5 -80 3 1 0
12907 172.2 659.5 -80 3 1 0
12906 161.1 659.5 -80 3 1 0
12905 160.8 659.5 -80 3 1 0
12904 149.7 659.5 -80 3 1 0
12903 149.4 659.5 -80 3 1 0
12902 138.3 659.5 -80 3 1 0
12901 138 659.5 -80 3 1 0
12900 126.9 659.5 -80 3 1 0
12900 125.9 659.5 -80 3 1 0
