1100   95.8668   1.41179
1101   103.693   0.767286
1102   109.737   0.647159
1103   78.1696   0.934111
1104   91.211   0.719091
1105   88.2595   0.643018
1106   94.6757   0.707887
1107   98.0708   1.05542
1108   84.1124   0.605733
1109   91.15   0.762835
1110   81.503   0.687217
1111   94.7882   0.697265
1112   94.8236   0.740885
1113   90.1342   1.35636
1114   96.309   0.656957
1115   99.187   1.57731
1116   77.7476   0.632052
1117   85.7105   0.672861
1118   83.1724   1.31542
1119   79.3253   1.94121
1120   59.6796   0.80539
1121   85.1405   0.720802
1122   67.7269   0.623094
1123   73.8156   0.759212
1124   96.1267   1.22155
1125   72.0765   0.840061
1126   83.7437   0.692694
1127   78.0305   0.687204
1128   71.7981   0.76976
1129   51.652   0.913435
1130   72.6447   0.952043
1131   81.7131   1.72963
1200   148.687   0.417202
1201   154.046   0.403687
1202   170.575   0.423967
1203   162.195   0.367667
1204   154.699   0.442011
1205   160.19   0.433707
1206   159.476   0.447514
1207   173.067   0.346689
1208   172.973   0.347617
1209   172.761   0.342442
1210   162.528   0.352109
1211   140.919   0.360382
1212   161.902   0.322802
1213   159.066   0.310386
1214   168.47   0.3002
1215   153.591   0.325237
1216   150.803   0.353522
1217   146.14   0.331068
1218   164.8   0.298702
1219   166.864   0.306573
1220   141.242   0.318698
1221   161.406   0.360624
1222   141.394   0.319008
1223   146.846   0.429189
1224   157.658   0.372741
1225   156.413   0.39293
1226   142.451   0.385413
1227   163.935   0.354103
1228   134.627   0.413693
1229   134.257   0.540074
1230   157.022   0.427349
1231   138.268   0.398441
1400   175.515   0.704362
1401   189.615   1.17306
1402   182.751   0.839382
1403   184.84   0.760043
1404   192.662   0.822281
1405   181.348   0.740996
1406   183.49   1.01699
1407   191.937   0.771086
1408   186.679   0.885036
1409   191.681   1.05022
1410   195.294   0.848569
1411   193.907   0.920695
1412   184.138   0.960197
1413   183.264   1.3916
1414   181.781   0.797286
1415   187.045   1.25724
1416   194.713   0.824623
1417   179.597   0.968784
1418   173.751   0.948504
1419   172.601   1.13354
1420   189.989   0.697904
1421   199.717   1.42289
1422   179.103   0.745049
1423   176.189   1.16477
1424   179.852   0.647584
1425   177.294   1.21816
1426   187.047   1.05343
1427   171.582   0.920999
1428   179.114   1.12726
1429   178.983   0.721271
1430   173.921   0.864913
1431   179.486   0.925871
1500   124.156   0.565427
1501   149.956   0.468041
1502   144.825   0.523306
1503   149.191   0.555637
1504   141.628   0.505741
1505   152.802   0.461469
1506   144.892   0.51729
1507   139.014   0.558661
1508   139.586   0.503992
1509   144.793   0.549775
1510   143.845   0.510511
1511   139.28   1.02856
1512   137.169   0.515949
1513   144.741   0.411625
1514   154.711   0.427998
1515   148.293   0.466338
1516   138.58   0.515855
1517   151.042   0.518228
1518   135.365   0.572007
1519   150.68   0.479419
1520   131.406   0.580466
1521   140.71   0.671123
1522   130.455   0.686653
1523   150.047   0.508792
1524   132.169   0.547101
1525   145.69   0.565602
1526   135.461   0.593587
1527   155.781   0.627478
1528   134.904   0.574069
1529   126.802   0.707313
1530   119.094   0.569528
1531   138.959   0.664197
1600   140.44   3.31454
1601   159.899   1.61032
1602   157.958   5.67849
1603   166.045   2.1792
1604   157.202   3.08554
1605   170.377   3.59986
1606   174.432   3.46896
1607   148.765   0.92753
1608   176.747   2.2599
1609   150.522   12.0577
1610   147.017   1.6447
1611   162.823   1.63425
1612   160.301   3.69868
1613   175.934   1.34407
1614   175.335   1.44344
1615   160.679   1.55975
1616   129.416   28.659
1617   142.298   1.08866
1618   150.814   1.55143
1619   130.809   2.08094
1620   148.712   0.92986
1621   157.784   2.6843
1622   137.953   2.00245
1623   127.719   1.38708
1624   168.765   2.04464
1625   167.2   17.2789
1626   178.722   47.8218
1627   150.791   2.39581
1628   142.488   1.88608
1629   155.909   1.57339
1630   160.348   1.01551
1631   155.662   3.18084
1700   68.6161   0.994244
1701   77.2984   0.923195
1702   82.0251   1.43929
1703   92.3998   0.846724
1704   54.0812   0.559787
1705   63.6873   0.653952
1706   71.3327   0.854793
1707   71.0789   0.900087
1708   86.0593   0.591693
1709   78.2044   1.67468
1710   66.1768   0.767426
1711   73.8588   0.642774
1712   80.9564   1.05461
1713   61.7192   1.09669
1714   74.5645   0.671197
1715   69.8539   0.548347
1716   67.2198   0.622317
1717   72.6358   0.710615
1718   63.6729   0.854564
1719   80.0194   1.90788
1720   69.9569   2.73723
1721   71.4191   1.04243
1722   81.6627   0.617767
1723   77.2143   1.02431
1724   72.5747   2.05676
1725   53.2081   0.914103
1726   64.115   1.01875
1727   64.3702   2.7829
1728   57.157   0.779799
1729   72.0376   0.90308
1730   59.0192   1.58788
1731   73.979   1.35151
1800   103.53   0.437075
1801   126.278   0.490526
1802   132.726   0.468708
1803   123.555   1.03625
1804   139.729   0.492618
1805   125.14   0.511947
1806   111.359   0.461085
1807   101.155   0.564114
1808   115.152   0.435899
1809   125.3   0.436031
1810   120.01   0.424106
1811   121.25   0.602723
1812   112.053   0.429806
1813   122.933   0.45157
1814   112.666   0.445484
1815   130.239   0.436773
1816   111.082   0.399335
1817   119.33   0.370481
1818   125.003   0.459306
1819   108.923   0.474011
1820   130.727   0.42998
1821   104.025   0.513244
1822   108.042   0.866995
1823   102.281   0.498265
1824   108.369   0.473034
1825   106.635   0.452651
1826   105.181   0.467122
1827   105.249   0.510681
1828   107.204   0.481419
1829   107.813   0.500469
1830   108.638   0.462274
1831   118.599   0.444185
1900   190.22   0.442435
1901   221.262   0.556974
1902   218.068   0.528766
1903   236.83   0.582928
1904   212.07   0.816333
1905   220.535   0.620824
1906   207.397   0.553204
1907   219.216   0.568873
1908   186.228   0.409928
1909   215.158   0.450902
1910   211.756   0.529373
1911   200.026   0.408611
1912   205.873   0.462634
1913   200.912   0.42374
1914   208.273   0.417707
1915   196.204   0.459874
1916   216.932   0.409221
1917   209.368   0.398174
1918   208.479   0.384112
1919   194.203   0.407821
1920   216.727   0.447163
1921   195.909   0.413682
1922   204.518   0.435127
1923   198.505   0.497748
1924   218.239   0.492698
1925   200.207   0.652608
1926   210.74   0.477191
1927   178.766   0.543049
1928   191.313   0.563055
1929   187.945   0.500942
1930   200.21   0.497238
1931   206.677   0.540851
2000   124.407   0.715939
2001   109.192   0.678753
2002   128.48   0.628973
2003   137.769   0.508751
2004   131.695   0.685254
2005   124.289   0.81335
2006   153.942   0.914254
2007   121.908   0.554048
2008   147.826   0.685041
2009   128.518   0.652334
2010   127.765   0.698403
2011   136.122   0.497422
2012   113.578   0.914968
2013   117.544   1.01225
2014   131.234   0.687216
2015   126.714   0.70749
2016   131.445   0.581082
2017   124.205   0.559813
2018   121.131   0.539051
2019   123.605   0.688934
2020   122.816   0.67195
2021   118.341   0.927049
2022   126.554   0.810054
2023   116.946   0.702794
2024   133.413   0.650679
2025   122.648   0.826983
2026   107.181   0.814011
2027   120.342   0.656552
2028   116.505   1.13197
2029   114.945   0.808546
2030   129.629   1.46408
2031   107.949   0.726383
2100   179.281   0.537345
2101   201.638   0.563573
2102   205.637   0.626762
2103   194.61   0.691147
2104   208.947   0.617411
2105   201.116   0.686721
2106   211.277   0.571394
2107   207.783   0.793266
2108   192.411   0.533671
2109   202.122   0.639506
2110   202.468   0.564242
2111   206.374   0.684619
2112   212.596   0.493935
2113   205.349   0.713602
2114   201.136   0.4969
2115   181.972   0.524535
2116   190.281   0.568281
2117   194.231   0.546943
2118   178.74   0.53508
2119   196.589   0.512342
2120   189.769   0.516973
2121   200.334   0.601775
2122   180.945   0.942075
2123   199.227   0.56733
2124   203.096   0.561538
2125   194.614   0.562838
2126   186.751   0.614315
2127   184.116   0.942817
2128   213.172   1.24916
2129   203.801   0.671578
2130   201.052   1.69225
2131   218.77   0.623491
2200   110.479   0.455849
2201   147.058   0.460798
2202   151.163   0.52383
2203   151.933   0.386989
2204   138.218   0.471523
2205   142.221   0.439371
2206   152.417   0.47739
2207   142.587   0.440023
2208   143.257   0.422288
2209   132.71   0.447226
2210   147.216   0.409064
2211   145.615   0.444011
2212   131.177   0.384139
2213   121.02   0.402946
2214   136.251   0.438666
2215   130.766   0.391027
2216   129.876   0.367142
2217   156.659   0.414328
2218   150.783   0.379243
2219   151.203   0.365695
2220   130.307   0.409543
2221   118.705   0.419629
2222   132.412   0.435622
2223   140.135   0.393263
2224   133.489   0.399792
2225   145.476   0.466427
2226   130.124   0.531035
2227   133.76   0.41625
2228   137.579   0.460053
2229   127.895   0.405071
2230   118.741   0.447778
2231   124.808   0.406032
2300   223.543   0.290163
2301   225.409   0.276182
2302   239.291   0.260912
2303   239.372   0.299505
2304   239.429   0.292795
2305   243.277   0.325869
2306   229.887   0.281057
2307   231.689   0.292159
2308   236.534   0.307415
2309   236.19   0.260099
2310   230.743   0.244097
2311   217.762   0.254998
2312   228.344   0.248902
2313   250.534   0.254255
2314   230.943   0.24251
2315   228.704   0.258441
2316   224.707   0.254404
2317   228.501   0.248007
2318   240.039   0.229515
2319   224.625   0.283147
2320   228.848   0.255828
2321   217.055   0.25597
2322   229.483   0.257673
2323   209.177   0.258101
2324   211.188   0.27235
2325   223.953   0.292467
2326   232.98   0.294479
2327   223.571   0.277821
2328   208.816   0.271251
2329   239.492   0.300355
2330   244.945   0.310007
2331   239.325   0.279256
2400   185.672   0.32706
2401   183.432   0.434637
2402   181.986   0.361071
2403   183.125   0.367794
2404   187.959   0.35828
2405   179.027   0.433797
2406   176.859   0.338655
2407   186.037   0.348214
2408   170.729   0.379649
2409   186.816   0.378658
2410   171.708   0.329568
2411   187.544   0.320783
2412   177.93   0.32285
2413   176.512   0.322161
2414   196.404   0.303641
2415   182.654   0.3396
2416   179.532   0.320737
2417   186.621   0.343936
2418   190.835   0.33616
2419   183.297   0.306944
2420   194.052   0.318719
2421   170.655   0.363049
2422   186.312   0.336536
2423   189.316   0.3466
2424   168.296   0.351251
2425   156.417   0.383841
2426   181.624   0.366177
2427   171.575   0.408771
2428   183.774   0.360175
2429   172.297   0.41092
2430   175.359   0.383555
2431   175.32   0.363768
2600   162.131   0.384859
2601   166.746   0.334935
2602   173.307   0.332083
2603   167.065   0.363732
2604   168.525   0.41544
2605   156.965   0.412939
2606   175.799   0.321415
2607   163.751   0.348399
2608   160.723   0.398096
2609   168.153   0.330656
2610   172.841   0.308254
2611   169.11   0.313711
2612   176.204   0.312397
2613   161.842   0.326512
2614   169.921   0.291301
2615   178.507   0.317106
2616   169.492   0.303703
2617   179.311   0.282812
2618   175.788   0.324641
2619   177.581   0.308879
2620   171.013   0.343138
2621   175.973   0.33496
2622   171.201   0.312128
2623   174.845   0.329471
2624   156.69   0.336776
2625   169.126   0.316341
2626   174.522   0.349422
2627   150.569   0.384806
2628   171.598   0.356189
2629   158.11   0.426615
2630   173.802   0.302759
2631   180.868   0.346658
2700   181.263   1.68078
2701   182.998   1.07476
2702   189.544   0.580016
2703   181.915   0.774616
2704   190.975   0.653217
2705   198.923   0.804583
2706   187.079   0.696146
2707   179.673   1.0415
2708   163.694   0.782585
2709   169.037   0.814763
2710   177.193   0.613176
2711   179.175   0.638578
2712   181.643   0.598677
2713   173.211   0.543251
2714   174.249   0.6147
2715   196.663   0.659058
2716   178.231   0.579563
2717   174.606   0.719811
2718   182.597   0.714512
2719   171.984   0.810628
2720   173.091   0.779536
2721   185.217   0.725161
2722   172.395   0.639112
2723   169.299   0.704423
2724   184.655   0.666969
2725   184.368   0.873198
2726   166.08   1.2943
2727   171.207   0.685716
2728   165.692   0.651463
2729   177.863   0.719454
2730   170.637   0.732877
2731   169.35   0.760776
2800   199.083   0.518681
2801   215.377   0.354412
2802   229.605   0.342789
2803   203.204   0.321557
2804   210.085   0.344969
2805   212.542   0.330105
2806   212.505   0.384243
2807   222.867   0.36632
2808   211.608   0.368655
2809   206.046   0.355768
2810   207.987   0.288906
2811   206.394   0.279057
2812   215.686   0.348793
2813   209.517   0.321574
2814   212.895   0.326852
2815   206.556   0.317863
2816   200.826   0.281749
2817   216.914   0.322204
2818   207.386   0.317336
2819   194.339   0.283699
2820   200.747   0.321976
2821   223.62   0.31139
2822   207.143   0.331642
2823   205.017   0.331372
2824   205.642   0.350261
2825   201.212   0.346479
2826   197.948   0.41502
2827   187.688   0.314357
2828   199.31   0.367236
2829   186.7   0.353557
2830   195.435   0.350986
2831   199.415   0.34577
2900   110.302   1.95076
2901   125.721   1.16118
2902   142.031   1.39983
2903   113.67   1.37649
2904   123.649   1.29791
2905   126.277   0.91354
2906   123.618   1.25363
2907   124.747   1.189
2908   111.184   0.948665
2909   128.095   0.92089
2910   124.841   0.990294
2911   116.015   1.04599
2912   112.443   0.915519
2913   123.393   1.15794
2914   120.449   0.995118
2915   116.438   1.31625
2916   123.027   0.829956
2917   104.676   2.45067
2918   126.968   0.939058
2919   132.913   1.31639
2920   127.593   1.6983
2921   123.372   0.975352
2922   122.423   1.37507
2923   118.258   1.38002
2924   105.761   2.06492
2925   116.285   0.809699
2926   118.949   0.843226
2927   118.625   1.19161
2928   125.291   1.37168
2929   112.735   0.9388
2930   104.625   1.2428
2931   112.718   0.962104
3000   122.219   0.515172
3001   135.066   0.418871
3002   124.807   0.452635
3003   139.268   0.464306
3004   113.005   0.454578
3005   133.943   0.482912
3006   143.691   0.411348
3007   107.739   0.399469
3008   120.321   0.777359
3009   127.573   0.407625
3010   133.461   0.432246
3011   129.795   0.447652
3012   141.42   0.367304
3013   133.957   0.390003
3014   112.388   0.424884
3015   131.385   0.359173
3016   130.156   0.403811
3017   121.555   0.383492
3018   133.123   0.44289
3019   127.301   0.45441
3020   133.002   0.460997
3021   137.258   0.405502
3022   124.06   0.431983
3023   121.816   0.468122
3024   121.42   0.497661
3025   121.848   0.44219
3026   117.19   0.533979
3027   130.18   0.533761
3028   115.85   0.470283
3029   139.731   0.444312
3030   118.025   0.548357
3031   123.425   0.509793
3100   116.652   0.427341
3101   105.218   0.425286
3102   103.953   0.410157
3103   118.699   0.439912
3104   105.857   0.432024
3105   108.498   0.496498
3106   120.257   0.399031
3107   116.971   0.434987
3108   113.787   0.393782
3109   111.151   0.38317
3110   102.029   0.414
3111   111.026   0.358878
3112   102.517   0.355661
3113   94.7635   0.358716
3114   108.318   0.35739
3115   100.297   0.405245
3116   116.987   0.443745
3117   99.3496   0.376167
3118   96.0541   0.382566
3119   104   0.397258
3120   105.706   0.325327
3121   104.958   0.367954
3122   118.547   0.506536
3123   109.905   0.413282
3124   97.3948   0.387712
3125   104.708   0.472071
3126   98.8363   0.465245
3127   93.1525   0.422784
3128   104.948   0.490283
3129   94.7423   0.427258
3130   107.206   0.435183
3131   85.2878   0.495254
3200   159.072   1.83152
3201   176.805   3.58262
3202   165.062   1.86463
3203   185.184   0.80018
3204   181.697   1.44445
3205   178.361   7.32211
3206   188.8   0.920898
3207   170.973   1.98681
3208   167.25   1.41162
3209   167.917   1.25603
3210   166.94   1.40784
3211   183.261   1.4745
3212   166.154   1.04034
3213   173.833   3.53355
3214   172.041   2.02329
3215   157.275   1.61173
3216   171.775   2.05871
3217   168.756   0.789459
3218   164.009   1.46523
3219   172.306   1.15486
3220   168.051   3.75723
3221   183.005   19.5117
3222   157.202   1.29722
3223   169.35   1.49564
3224   162.504   1.28211
3225   169.958   1.81352
3226   173.797   1.93752
3227   157.095   1.83862
3228   209.967   32.0926
3229   158.431   1.63219
3230   172.905   3.54455
3231   153.14   3.33779
3300   200.909   0.896575
3301   212.523   0.5991
3302   203.287   0.74433
3303   213.194   0.703975
3304   213.747   0.779529
3305   206.304   0.653794
3306   212.706   2.01851
3307   200.662   0.962861
3308   209.152   0.801841
3309   225.052   0.665907
3310   208.503   0.986953
3311   222.239   0.616902
3312   213.193   1.28275
3313   211.704   0.662851
3314   210.273   0.702793
3315   205.374   0.609638
3316   207.692   1.32996
3317   199.074   0.613443
3318   210.082   1.00099
3319   199.764   0.725608
3320   209.066   0.633419
3321   199.47   0.561435
3322   203.278   0.633395
3323   199.376   0.649855
3324   193.924   0.639896
3325   204.004   0.881671
3326   210.119   0.698736
3327   198.809   0.667384
3328   217.649   1.17995
3329   202.02   0.569148
3330   212.173   0.683452
3331   202.479   1.28735
3400   179.122   0.855427
3401   188.407   1.07917
3402   200.79   0.745301
3403   186.357   0.676317
3404   176.404   0.760902
3405   180.094   0.730913
3406   178.764   0.838769
3407   184.181   0.89533
3408   183.706   1.34745
3409   180.135   0.772042
3410   162.348   1.20021
3411   183.028   0.663329
3412   192.134   0.831951
3413   182.194   1.26582
3414   189.238   1.09215
3415   181.064   0.642705
3416   179.134   1.18015
3417   176.487   0.942211
3418   184.719   0.87559
3419   174.11   1.0439
3420   182.089   0.729529
3421   168.074   1.00804
3422   177.2   0.629985
3423   187.183   0.834109
3424   179.569   1.3419
3425   180.789   1.43579
3426   166.46   1.48731
3427   162.079   0.930379
3428   174.764   1.20021
3429   174.089   1.00369
3430   182.469   1.39835
3431   152.863   0.702617
3500   107.43   1.10774
3501   109.541   0.468254
3502   103.274   0.673741
3503   119.862   0.554959
3504   115.556   0.743855
3505   92.1825   0.494115
3506   123.247   0.499051
3507   102.056   0.602801
3508   114.025   0.533118
3509   95.2912   0.448117
3510   113.973   0.502523
3511   125.872   0.498032
3512   106.868   0.398805
3513   104.463   0.470052
3514   86.8305   0.483372
3515   119.775   0.465531
3516   88.6108   0.522151
3517   105.509   0.387436
3518   113.073   0.515997
3519   105.351   0.656036
3520   109.989   0.56255
3521   102.92   0.452137
3522   112.513   0.587879
3523   117.597   0.544565
3524   104.751   0.495593
3525   108.098   0.551851
3526   98.1388   0.805077
3527   95.3603   0.729846
3528   88.9422   0.770581
3529   89.9884   0.904473
3530   114.25   0.581505
3531   105.095   1.00848
3600   220.78   1.6871
3601   222.438   1.81425
3602   215.748   0.874812
3603   215.366   0.809495
3604   215.442   0.801827
3605   242.409   1.29433
3606   211.971   1.3808
3607   220.253   0.913487
3608   221.006   0.953324
3609   223.004   1.72299
3610   212.769   0.936092
3611   218.435   0.873425
3612   216.952   1.37915
3613   220.331   1.06913
3614   213.822   1.41297
3615   217.482   0.688037
3616   211.573   0.642415
3617   218.475   0.963109
3618   239.785   0.870198
3619   226.551   0.888153
3620   206.979   1.02108
3621   222.85   1.10658
3622   211.367   1.34884
3623   200.445   0.767763
3624   219.78   1.28689
3625   215.953   1.21788
3626   200.46   0.969538
3627   207.85   1.23976
3628   203.41   1.04536
3629   202.905   0.971066
3630   200.514   0.920029
3631   198.781   0.861793
3700   197.176   0.656425
3701   194.494   0.569104
3702   184.791   0.532474
3703   216.142   0.537367
3704   215.592   0.608907
3705   213.662   0.578903
3706   208.456   0.768011
3707   192.056   0.541879
3708   202.013   0.602427
3709   206.572   0.567686
3710   195.647   0.619648
3711   195.275   0.502557
3712   212.051   0.504512
3713   190.244   0.50635
3714   179.039   0.422838
3715   192.442   0.507142
3716   189.907   0.634671
3717   201.058   0.505203
3718   193.87   0.570666
3719   198.434   0.676035
3720   186.541   0.535095
3721   185.183   0.429136
3722   202.888   0.527055
3723   194.463   0.625545
3724   183.909   0.497624
3725   192.431   0.6937
3726   177.246   0.656998
3727   182.604   0.569491
3728   176.068   0.575836
3729   194.746   0.805822
3730   183.213   0.509219
3731   181.703   0.605022
3800   194.515   0.535679
3801   210.782   0.493243
3802   199.308   0.601281
3803   213.952   0.485813
3804   198.401   0.495498
3805   199.261   0.490068
3806   188.825   0.497816
3807   201.769   0.540759
3808   189.674   0.546928
3809   204.311   0.455809
3810   192.902   0.599453
3811   203.745   0.485311
3812   193.714   0.452532
3813   196.46   0.479888
3814   193.151   0.398015
3815   182.636   0.466043
3816   197.589   0.541713
3817   221.238   1.01312
3818   180.521   0.512255
3819   183.889   0.458342
3820   198.373   0.554844
3821   182.501   0.546611
3822   190.145   0.642592
3823   194.54   0.471374
3824   196.84   0.554463
3825   195.79   0.497717
3826   190.753   0.572901
3827   184.643   0.701374
3828   181.34   1.28979
3829   188.867   0.643128
3830   188.523   1.02574
3831   166.293   0.495862
3900   163.922   0.662031
3901   165.348   0.485228
3902   157.512   0.695107
3903   152.771   0.51842
3904   161.867   0.518048
3905   151.664   0.473871
3906   158.843   0.511438
3907   159.477   0.489052
3908   156.857   0.413408
3909   145.89   0.569826
3910   158.543   0.565069
3911   149.574   0.474193
3912   180.956   0.403388
3913   138.549   0.365421
3914   152.956   0.405815
3915   146.797   0.417556
3916   161.61   0.487391
3917   147.023   0.425241
3918   145.751   0.469273
3919   160.212   0.506114
3920   143.301   0.455928
3921   139.419   0.389418
3922   159.064   0.57261
3923   147.955   0.484502
3924   149.455   0.553018
3925   150.045   0.485085
3926   151.654   0.606646
3927   157.415   0.54292
3928   136.328   0.504943
3929   126.302   0.689712
3930   146.657   0.527249
3931   153.903   0.907364
4000   183.454   0.428881
4001   175.804   0.3697
4002   185.492   0.350125
4003   190.138   0.36431
4004   190.145   0.572098
4005   175.166   0.337203
4006   198.51   0.354719
4007   174.591   0.325146
4008   183.076   0.430877
4009   184.594   0.340506
4010   188.944   0.345165
4011   175.562   0.362568
4012   172.257   0.331678
4013   184.298   0.337362
4014   197.83   0.331831
4015   169.315   0.346727
4016   169.146   0.316435
4017   162.958   0.324334
4018   183.014   0.397137
4019   181.235   0.346677
4020   174.867   0.362715
4021   182.09   0.353103
4022   179.326   0.352414
4023   186.233   0.372116
4024   187.09   0.36504
4025   171.426   0.33564
4026   187.742   0.411187
4027   169.46   0.367211
4028   168.621   0.38191
4029   172.044   0.355496
4030   168.525   0.461401
4031   170.879   0.371293
4100   208.624   0.581844
4101   188.117   0.830198
4102   223.523   1.99301
4103   227.678   0.717631
4104   206.459   0.782093
4105   208.326   0.660341
4106   201.822   0.56492
4107   213.135   1.1962
4108   204.701   0.80564
4109   200.155   0.658885
4110   215.747   0.865158
4111   205.589   0.738019
4112   216.833   1.06999
4113   227.198   0.555468
4114   194.373   0.785881
4115   211.12   0.927172
4116   196.274   0.769436
4117   203.19   0.649115
4118   209.214   0.739305
4119   210.974   0.643191
4120   198.825   0.798607
4121   203.115   0.679363
4122   207.499   0.689003
4123   180.94   0.658865
4124   199.318   0.973682
4125   205.568   1.6132
4126   198.965   0.703717
4127   211.845   0.695075
4128   198.906   0.807679
4129   216.286   0.793824
4130   200.768   0.76026
4131   197.422   0.719961
4200   176.49   0.362864
4201   202.863   0.402119
4202   195.486   0.399277
4203   209.783   0.429889
4204   209.915   0.419701
4205   211.377   0.393263
4206   218.408   0.461448
4207   215.049   0.411853
4208   191.535   0.420553
4209   203.84   0.394303
4210   205.248   0.440127
4211   214.515   0.37082
4212   192.721   0.374944
4213   181.212   0.388391
4214   193.316   0.405711
4215   187.229   0.3622
4216   208.33   0.37651
4217   200.045   0.46403
4218   194.332   0.400977
4219   196.014   0.394111
4220   204.799   0.432908
4221   196.059   0.485678
4222   206.019   0.513712
4223   194.33   0.423099
4224   187.352   0.415091
4225   209.331   0.471421
4226   195.251   0.448739
4227   205.666   0.465819
4228   181.147   0.479013
4229   190.333   0.417886
4230   197.246   0.514589
4231   175.288   0.655438
4300   137.176   1.10335
4301   153.311   0.917968
4302   177.028   0.879051
4303   162.475   1.52679
4304   171.856   1.24783
4305   169.41   1.31967
4306   149.359   1.03371
4307   159.916   2.01841
4308   159.945   1.1199
4309   150.208   1.06886
4310   170.744   0.959623
4311   147.39   1.32109
4312   165.359   1.32094
4313   169.82   1.14123
4314   156.491   1.10382
4315   151.698   1.11274
4316   151.621   1.47414
4317   161.658   1.3469
4318   159.688   1.38482
4319   142.843   1.32474
4320   154.524   0.921666
4321   157.366   2.03755
4322   167.56   1.79384
4323   146.24   1.42112
4324   147.862   1.13032
4325   151.579   0.98831
4326   147.18   1.22783
4327   146.618   0.914866
4328   171.267   1.31339
4329   141.721   1.1741
4330   153.854   1.24832
4331   148.769   1.37348
4400   94.0793   0.829719
4401   98.2917   0.581257
4402   93.5986   0.592993
4403   111.655   0.57169
4404   91.3409   0.651029
4405   116.009   0.670009
4406   106.543   0.634867
4407   110.806   1.19199
4408   114.204   0.684576
4409   101.704   0.731002
4410   104.564   0.593884
4411   110.029   0.514554
4412   94.8391   0.615403
4413   110.141   0.48215
4414   103.221   0.570045
4415   104.853   0.476021
4416   99.9958   0.65206
4417   108.65   0.554273
4418   98.6012   0.51016
4419   99.3896   0.545717
4420   94.5465   0.698845
4421   105.904   0.732574
4422   105.202   0.605295
4423   90.7821   0.685856
4424   103.664   0.586948
4425   112.651   2.07574
4426   89.5015   0.62925
4427   95.8775   0.58121
4428   87.7515   0.480698
4429   97.8132   0.54612
4430   98.8236   0.932508
4431   88.5432   0.50539
4500   139.092   0.894894
4501   159.563   0.599276
4502   147.522   0.588152
4503   165.589   2.14339
4504   166.775   0.654327
4505   156.602   0.675715
4506   149.036   0.651826
4507   171.611   1.68687
4508   152.276   0.496115
4509   150.841   0.590332
4510   144.052   0.581434
4511   141.7   0.552864
4512   166.689   0.652452
4513   144.701   0.595297
4514   155.273   0.477043
4515   152.18   0.498413
4516   141.859   0.575357
4517   156.527   0.573118
4518   129.282   0.569447
4519   149.297   0.545313
4520   152.649   0.624661
4521   144.314   0.767043
4522   143.952   0.593083
4523   127.739   0.800716
4524   132.217   1.12861
4525   142.011   0.655483
4526   133.621   0.626317
4527   138.475   0.572101
4528   153.137   0.679151
4529   137.956   0.761906
4530   153.106   0.657745
4531   137.247   0.627419
4600   208.745   0.592736
4601   205.628   0.58755
4602   209.466   0.560809
4603   212.829   0.613964
4604   228.977   0.641355
4605   220.434   0.605746
4606   206.654   1.75167
4607   222.089   0.514131
4608   198.961   0.557309
4609   207.593   0.738473
4610   213.908   0.463728
4611   218.147   0.682427
4612   217.985   0.581748
4613   217.813   0.477243
4614   220.388   0.541673
4615   232.97   0.499205
4616   208.644   0.575521
4617   202.148   0.615096
4618   223.113   0.508679
4619   207.249   0.526668
4620   210.767   0.718998
4621   216.905   0.993967
4622   204.694   0.633101
4623   212.509   1.89511
4624   205.705   0.608329
4625   201.819   0.578487
4626   207.482   0.593619
4627   222.861   0.580377
4628   214.698   0.621952
4629   216.611   0.629227
4630   214.709   0.540538
4631   216.871   0.730421
4700   85.6034   1.81795
4701   96.101   1.48981
4702   94.7744   1.03089
4703   84.6538   0.804453
4704   106.755   1.9455
4705   97.0193   0.716647
4706   108.097   2.15775
4707   110.049   0.907016
4708   96.1302   1.11012
4709   72.2638   1.22917
4710   91.5952   1.22758
4711   80.1107   1.22511
4712   88.8244   0.885804
4713   93.2459   1.37924
4714   100.382   1.02205
4715   83.4308   0.968361
4716   81.3524   1.78261
4717   98.0045   1.51312
4718   76.1526   0.795331
4719   100.231   1.68238
4720   85.1353   2.40588
4721   86.2466   1.52271
4722   91.9622   1.06928
4723   92.0081   0.924507
4724   91.8368   0.809745
4725   86.497   1.20986
4726   83.9008   1.32295
4727   90.7415   1.27462
4728   85.1413   0.73243
4729   82.2966   1.03089
4730   102.321   0.752814
4731   87.9713   1.17231
4800   131.601   1.16862
4801   145.357   2.80265
4802   157.51   1.01996
4803   136.29   1.34309
4804   140.092   4.22248
4805   124.017   1.36612
4806   138.351   1.24099
4807   152.883   1.95448
4808   141.771   1.30657
4809   138.222   2.25619
4810   152.767   1.35825
4811   142.216   3.40299
4812   156.585   1.3592
4813   141.45   1.02587
4814   132.68   0.793906
4815   151.819   2.40953
4816   129.267   1.17657
4817   139.924   1.09589
4818   143.29   1.10938
4819   143.542   2.04431
4820   133.128   1.22927
4821   140.001   5.92643
4822   142.077   1.42985
4823   132.393   1.30402
4824   139.632   1.17238
4825   133.465   1.4223
4826   131.641   0.979243
4827   144.974   0.913923
4828   126.378   0.918702
4829   148.837   5.49993
4830   131.479   0.807187
4831   136.11   0.994164
4900   233.71   0.560807
4901   249.377   0.506554
4902   250.531   0.468085
4903   248.194   0.521661
4904   253.386   0.493295
4905   246.118   0.534661
4906   220.225   0.42994
4907   241.974   0.461452
4908   245.536   0.468486
4909   238.713   0.489917
4910   241.901   0.5158
4911   233.46   0.427808
4912   237.422   0.478083
4913   225.301   0.464731
4914   217.327   0.452828
4915   236.633   0.523973
4916   232.663   0.556171
4917   237.639   0.495908
4918   246.275   0.41769
4919   242.692   0.371739
4920   221.822   0.580968
4921   243.224   0.602674
4922   214.138   0.546093
4923   227.958   0.538847
4924   235.601   0.517256
4925   221.709   0.636975
4926   221.369   0.663119
4927   222.892   0.600291
4928   219.739   0.594003
4929   248.156   0.597987
4930   241.246   0.50776
4931   223.27   0.587054
5000   188.297   0.463389
5001   203.818   0.462293
5002   199.542   0.57393
5003   183.579   0.491366
5004   188.138   0.443888
5005   207.374   0.489357
5006   195.477   0.450517
5007   191.339   0.496094
5008   188.587   0.403635
5009   200.288   0.406675
5010   187.881   0.49633
5011   197.471   0.494994
5012   188.979   0.39678
5013   190.058   0.496448
5014   188.082   0.485385
5015   182.362   0.526994
5016   186.806   0.429418
5017   187.813   0.450849
5018   190.317   0.444817
5019   194.041   0.496259
5020   179.234   0.425599
5021   204.107   0.474277
5022   183.345   0.528042
5023   184.474   0.541747
5024   167.957   0.554841
5025   177.016   0.521365
5026   186.938   0.566235
5027   179.348   0.501369
5028   172.419   0.499802
5029   190.309   0.485883
5030   185.986   0.547749
5031   193.473   0.701321
5100   138.823   0.526679
5101   160.503   0.492624
5102   171.527   0.427197
5103   152.273   0.42141
5104   166.626   0.545962
5105   162.357   0.467189
5106   164.719   0.496284
5107   152.884   0.478959
5108   162.255   0.810938
5109   166.13   0.498975
5110   174.655   0.584735
5111   150.448   0.477242
5112   141.76   0.413342
5113   155.684   0.958651
5114   163.073   0.412134
5115   159.275   0.411993
5116   148.769   0.407024
5117   140.156   0.430777
5118   148.897   0.430071
5119   129.641   0.490394
5120   156.922   0.533369
5121   154.449   0.459482
5122   154.296   0.480014
5123   162.164   0.502789
5124   158.422   0.449696
5125   145.191   0.492996
5126   133.757   0.557982
5127   150.311   0.558978
5128   156.789   1.51664
5129   158.813   0.558572
5130   166.024   0.494805
5131   146.354   0.495718
5200   233.46   0.647603
5201   233.198   0.576869
5202   218.575   0.596038
5203   218.205   0.538435
5204   202.476   0.576779
5205   222.045   0.802665
5206   218.167   0.717621
5207   227.926   0.550203
5208   217.8   0.610105
5209   235.337   0.616283
5210   221.852   0.497075
5211   222.883   0.514483
5212   213.553   0.426386
5213   215.517   0.456379
5214   212.234   0.501306
5215   228.435   0.53503
5216   205.103   0.49319
5217   232.375   0.57122
5218   215.167   0.644979
5219   230.226   1.7396
5220   219.365   0.531737
5221   205.798   0.548594
5222   233.11   0.63454
5223   207.234   0.594302
5224   228.171   0.710747
5225   216.16   0.62407
5226   216.018   0.618084
5227   214.664   0.691143
5228   200.825   0.535568
5229   213.657   1.01454
5230   217.44   0.773286
5231   221.579   2.89793
5300   282.7   0.848895
5301   274.524   0.447873
5302   277.481   0.677788
5303   268.194   0.35149
5304   280.858   0.472128
5305   277.483   0.487251
5306   280.021   0.35976
5307   276.418   0.372317
5308   274.549   0.35845
5309   298.036   0.386592
5310   265.934   0.322768
5311   278.885   0.381727
5312   274.302   0.34478
5313   274.597   0.330731
5314   265.075   0.400225
5315   270.343   0.326053
5316   268.213   0.354322
5317   267.604   0.309949
5318   267.896   0.348691
5319   270.115   0.345371
5320   259.588   0.340474
5321   251.108   0.377554
5322   269.809   0.400824
5323   264.252   0.378027
5324   261.621   0.342083
5325   269.975   0.387217
5326   258.352   0.504413
5327   251.725   0.490172
5328   271.376   0.459594
5329   279.315   0.966659
5330   251.735   0.452924
5331   253.948   0.849314
5400   153.881   0.557676
5401   150.492   0.47902
5402   156.915   0.501632
5403   182.488   0.459031
5404   152.366   0.475485
5405   154.988   0.642279
5406   174.493   0.499308
5407   165.297   0.603363
5408   163.092   0.521335
5409   169.812   0.728843
5410   168.257   0.415894
5411   160.064   0.428729
5412   167.054   0.54916
5413   165.03   0.381349
5414   149.495   0.40871
5415   156.038   0.471251
5416   155.873   0.529301
5417   169.654   0.403796
5418   153.421   0.395909
5419   155.946   0.466217
5420   158.697   0.488615
5421   150.539   0.449604
5422   150.051   0.44075
5423   161.618   0.541379
5424   144.462   0.544701
5425   150.221   0.517471
5426   153.011   0.487366
5427   146.88   0.491286
5428   149.303   0.476026
5429   159.53   0.479392
5430   136.162   0.478667
5431   166.194   0.540588
5500   124.437   0.938375
5501   142.12   0.672827
5502   150.921   0.644723
5503   147.654   0.777354
5504   132.129   0.817982
5505   126.816   0.807132
5506   151.663   0.618438
5507   136.655   0.843679
5508   131.557   0.794765
5509   143.445   0.587152
5510   135.848   0.583654
5511   154.803   0.665938
5512   143.201   0.608482
5513   128.545   0.684173
5514   138.991   0.549247
5515   150.27   0.701967
5516   134.334   0.583413
5517   139.466   0.565297
5518   142.375   0.829156
5519   143.898   0.765958
5520   137.101   0.70866
5521   151.808   0.658991
5522   134.287   0.706185
5523   133.076   0.618019
5524   143.203   0.584094
5525   128.746   0.5938
5526   134.623   0.598284
5527   142.076   0.651233
5528   128.741   0.801607
5529   140.995   0.568439
5530   147.952   1.17105
5531   142.767   0.584299
5600   163.517   0.376051
5601   167.152   0.321647
5602   181.107   0.341635
5603   159.07   0.349511
5604   150.923   0.39391
5605   178.577   0.420928
5606   166.297   0.388341
5607   163.108   0.377067
5608   163.953   0.37173
5609   164.711   0.340197
5610   156.633   0.339527
5611   156.786   0.355668
5612   162.498   0.366822
5613   161.838   0.393135
5614   163.741   0.354203
5615   177.015   0.413204
5616   171.557   0.357876
5617   157.943   0.399107
5618   163.767   0.359629
5619   160.396   0.411353
5620   154.275   0.384408
5621   173.561   0.404383
5622   163.663   0.466919
5623   145.501   0.411002
5624   150.333   0.460768
5625   157.813   0.372151
5626   149.523   0.442591
5627   160.473   0.467803
5628   148.875   0.394206
5629   140.058   0.420258
5630   152.715   0.415597
5631   166.018   0.422491
5700   112.129   3.28058
5701   114.651   1.69147
5702   118.582   1.541
5703   120.499   0.963673
5704   115.544   1.70031
5705   121.919   1.18882
5706   121.166   1.25576
5707   107.036   2.1155
5708   115.743   2.3044
5709   126.288   1.19639
5710   135.209   1.1099
5711   98.858   1.17757
5712   115.459   1.13394
5713   111.092   1.10669
5714   119.459   1.81294
5715   119.17   2.11679
5716   109.247   1.44334
5717   106.828   1.46898
5718   102.238   2.94056
5719   117.201   2.74656
5720   114.6   1.63258
5721   115.241   4.62899
5722   121.493   2.68681
5723   98.1628   1.84992
5724   106.23   1.01734
5725   107.085   1.22702
5726   110.669   3.9297
5727   95.9677   2.42406
5728   114.118   1.71916
5729   106.822   1.92691
5730   105.491   1.38235
5731   97.3759   1.69273
5800   99.4167   0.364857
5801   103.738   0.419145
5802   109.646   0.33087
5803   106.453   0.370679
5804   101.603   0.387552
5805   105.636   0.667264
5806   105.051   0.385657
5807   105.919   0.396597
5808   96.9445   0.368169
5809   92.3622   0.367429
5810   87.458   0.384771
5811   91.3536   0.368714
5812   107.441   0.339246
5813   106.107   0.333564
5814   98.0834   0.357152
5815   89.2835   0.383743
5816   89.5623   0.330867
5817   85.1673   0.34664
5818   110.47   0.396368
5819   87.6118   0.342007
5820   90.8562   0.362701
5821   99.5985   0.363126
5822   81.798   0.38692
5823   80.7641   0.439563
5824   97.6082   0.415986
5825   90.8026   0.457636
5826   93.7544   0.529432
5827   101.864   0.469882
5828   107.841   0.390683
5829   84.0346   0.44629
5830   85.5386   0.454765
5831   88.3145   0.42406
5900   175.772   0.957318
5901   182.606   1.7296
5902   198.556   0.904828
5903   199.708   1.82033
5904   176.876   1.35061
5905   175.186   0.947859
5906   181.844   1.23615
5907   172.891   0.824721
5908   175.397   1.20729
5909   185.607   1.26891
5910   189.157   1.43071
5911   187.826   0.853701
5912   171.301   0.926359
5913   175.846   1.34807
5914   194.071   1.30773
5915   189.22   0.730929
5916   184.568   2.0149
5917   176.645   1.00361
5918   177.036   2.21661
5919   190.364   1.12437
5920   185.989   1.21829
5921   190.172   1.68588
5922   170.187   1.82684
5923   165.709   0.878178
5924   174.7   1.82559
5925   176.606   1.38176
5926   164.456   1.32471
5927   162.894   2.1576
5928   174.171   0.839552
5929   186.776   1.01207
5930   180.939   0.904912
5931   182.369   1.26583
6000   181.106   1.12449
6001   194.221   1.53168
6002   181.71   2.13814
6003   194.345   1.24803
6004   200.443   1.91489
6005   209.323   1.44307
6006   183.383   1.05516
6007   180.252   1.12111
6008   192.379   0.847936
6009   183.04   1.53879
6010   181.053   2.50465
6011   199.539   1.57546
6012   197.9   0.988582
6013   179.966   1.20834
6014   200.398   1.38071
6015   187.837   0.945678
6016   193.4   1.0356
6017   191.38   1.94506
6018   187.5   1.84762
6019   180.736   0.901079
6020   191.025   0.975944
6021   180.649   1.34638
6022   187.783   1.67329
6023   187.44   1.43274
6024   194.179   1.54289
6025   174.454   1.48475
6026   187.275   2.53475
6027   185.31   1.40282
6028   200.596   1.42949
6029   174.435   1.12614
6030   182.199   1.11327
6031   175.308   1.24981
6100   172.816   0.561034
6101   152.292   0.665467
6102   174.301   0.554125
6103   170.872   0.581434
6104   150.044   0.874662
6105   170.871   0.746133
6106   174.328   0.642081
6107   151.558   0.546291
6108   171.422   0.610923
6109   162.163   0.675831
6110   161.168   0.570544
6111   166.375   0.456363
6112   146.473   0.472867
6113   158.787   0.536707
6114   168.433   0.448268
6115   172.424   0.451211
6116   163.649   0.573975
6117   153.615   0.500253
6118   161.262   0.481508
6119   162.058   0.49318
6120   148.512   0.577313
6121   168.359   0.503893
6122   147.541   0.629827
6123   164.592   0.465614
6124   160.461   0.577348
6125   133.623   0.605294
6126   153.708   0.608248
6127   160.336   0.516213
6128   142.455   0.640299
6129   150.511   0.642512
6130   148.861   0.635294
6131   154.861   0.654717
