11 40.000000
12 54.000000
14 64.400000
15 254.296600
16 99.096600
17 80.000000
18 114.300000
19 126.500000
20 217.296600
21 118.296600
22 141.600000
23 155.000000
24 170.600000
26 49.350000
27 63.850000
28 77.350000
29 91.850000
30 36.350000
31 107.350000
32 228.296600
33 120.296600
34 139.296600
35 156.796600
36 172.796600
37 101.296600
38 193.796600
39 55.396600
40 69.396600
41 85.896600
42 102.396600
43 115.396600
44 130.396600
45 149.896600
46 194.296600
47 140.296600
48 169.296600
49 155.296600
50 149.796600
51 179.296600
52 123.350000
53 75.296600
54 106.296600
55 137.296600
56 294.950000
57 260.850000
58 209.350000
59 223.850000
60 178.850000
61 161.900000
