11 47.82
12 61.82
14 64.40
15 294.1966
16 138.9966
17 80.00
18 114.30
19 126.50
20 253.7966
21 154.7966
22 141.60
23 155.00
24 170.60
26 69.10
27 84.65
28 98.35
29 113.05
30 56.10
31 126.25
32 261.5966
33 157.9966
34 175.4966
35 192.9966
36 208.9966
37 138.9966
38 227.0966
39 95.2966
40 109.2966
41 122.3966
42 138.8966
43 154.5966
44 169.5966
45 189.0966
46 230.7966
47 176.7966
48 208.4966
49 194.4966
50 188.9966
51 218.4966
52 142.25
53 112.9966
54 142.4966
55 170.5966
56 314.70
57 280.60
58 230.55
59 245.05
60 197.75
61 180.80
105 135.9
106 344.07
107 408.87
108 168.8
109 150.5
111 201.97
112 186.07
113 166.5
114 181.3
115 199.8
116 299.87
117 279.17
118 260.1
119 304.89
120 242.67
121 221.47
195 217.3
123 239.8
124 137.7
125 402.49
126 344.69
127 154.2
128 281.05
129 261.15


