1 2041 9
2 2046 109
3 2053 107
4 2039 105
5 2043 107
6 2044 110
7 2049 106
8 2043 101
9 2044 105
10 2045 105
11 2031 107
12 2039 105
13 2040 106
14 2044 109
15 2049 111
16 2031 125
17 2044 5
18 2046 4
19 2046 5
20 2042 5
21 2043 4
22 2045 4
23 2053 5
24 2045 4
25 2051 5
26 2044 5
27 2043 5
28 2049 5
29 2043 5
30 2040 5
31 2046 5
32 2043 5
33 2048 4
34 2045 4
35 2044 5
36 2048 5
37 2046 5
38 2042 5
39 2048 5
40 2043 5
41 2045 5
42 2047 5
43 2048 5
44 2046 5
45 2044 5
46 2042 5
47 2046 5
48 2049 5
49 2050 5
50 2047 5
51 2045 5
52 2050 5
53 2046 5
54 2051 5
55 2039 5
56 2047 5
57 2048 5
58 2046 5
59 2046 5
60 2049 5
61 2043 5
62 2044 5
63 2045 5
64 2043 5
65 2051 5
66 2046 5
67 2048 5
68 2046 5
69 2049 5
70 2042 5
71 2044 5
72 2050 5
73 2045 5
74 2046 5
75 2042 5
76 2044 5
77 2043 5
78 2046 5
79 2048 5
80 2046 5
81 2047 5
82 2055 5
83 2049 5
84 2041 5
85 2049 5
86 2050 5
87 2043 5
88 2047 5
89 2050 6
90 2039 5
91 2044 5
92 2042 5
93 2049 5
94 2051 5
95 2051 5
96 2043 5
97 2043 5
98 2050 5
99 2043 5
100 2045 5
101 2046 5
102 2042 5
103 2046 5
104 2049 5
105 2050 5
106 2047 5
107 2051 5
108 2051 5
109 2053 5
110 2044 5
111 2043 5
112 2048 5
113 2049 2
114 2045 2
115 2038 2
116 2042 2
117 2046 2
118 2046 2
119 2052 2
120 2045 3
121 2045 5
122 2045 5
123 2039 5
124 2050 5
125 2045 5
126 2047 5
127 2047 5
128 2045 5
129 2043 5
130 2039 5
131 2053 5
132 2050 5
133 2048 5
134 2043 5
135 2047 5
136 2046 5
137 2055 6
138 2043 6
139 2049 6
140 2044 6
141 2047 6
142 2043 6
143 2050 6
144 2048 6
145 2052 5
146 2049 5
147 2049 5
148 2048 5
149 2043 6
150 2035 5
151 2043 5
152 2043 6
153 2039 5
154 2041 5
155 2043 5
156 2047 5
157 2043 5
158 2042 5
159 2043 5
160 2044 5
161 2058 5
162 2051 5
163 2047 5
164 2039 5
165 2044 5
166 2044 5
167 2043 5
168 2047 5
169 2039 6
170 2040 5
171 2046 5
172 2042 5
173 2043 5
174 2042 5
175 2038 6
176 2051 5
177 2042 6
178 2053 5
179 2047 6
180 2047 6
181 2051 5
182 2048 6
183 2052 6
184 2050 6
185 2042 6
186 2045 6
187 2043 6
188 2046 6
189 2052 6
190 2039 6
191 2042 6
192 2041 6
193 2038 6
194 2046 6
195 2050 6
196 2036 5
197 2039 5
198 2044 6
199 2043 6
200 2045 5
201 2048 5
202 2049 5
203 2037 6
204 2041 5
205 2048 5
206 2044 5
207 2044 6
208 2049 5
209 2041 5
210 2047 6
211 2041 5
212 2054 6
213 2039 5
214 2041 5
215 2048 6
216 2047 5
217 2044 6
218 2050 6
219 2039 6
220 2043 6
221 2043 6
222 2046 6
223 2048 6
224 2048 6
225 2040 6
226 2044 6
227 2043 6
228 2051 6
229 2047 6
230 2049 6
231 2047 6
232 2049 6
233 2045 6
234 2043 6
235 2045 6
236 2045 6
237 2045 6
238 2048 6
239 2047 6
240 2046 6
241 2052 6
242 2050 6
243 2052 6
244 2052 6
245 2051 6
246 2049 6
247 2041 6
248 2047 6
249 2042 6
250 2052 6
251 2039 6
252 2054 6
253 2048 6
254 2052 6
255 2046 6
256 2045 6
257 2039 6
258 2047 6
259 2044 6
260 2044 6
261 2049 6
262 2053 8
263 2039 4
264 2045 8
265 2045 6
266 2049 6
267 2039 6
268 2051 6
269 2042 6
270 2043 6
271 2052 6
272 2047 6
273 2045 6
274 2051 6
275 2049 6
276 2041 6
277 2044 6
278 2043 6
279 2050 6
280 2049 6
281 2047 6
282 2043 6
283 2045 6
284 2050 6
285 2047 6
286 2047 6
287 2043 6
288 2044 6
289 2042 6
290 2045 6
291 2051 6
292 2044 6
293 2038 6
294 2048 6
295 2048 6
296 2044 6
297 2049 3
298 2043 6
299 2051 4
300 2047 3
301 2042 4
302 2049 3
303 2044 3
304 2040 4
305 2053 4
306 2032 209
307 2031 212
308 2041 3
309 2051 4
310 2048 4
311 2047 4
312 2053 3
313 2046 3
314 2043 4
315 2052 3
316 2045 4
317 2048 7
318 2045 4
319 2045 5
320 2044 2
321 2044 2
322 2044 2
323 2052 2
324 2043 2
325 2041 3
326 2050 2
327 2043 3
328 2048 2
329 2050 6
330 2042 6
331 2046 6
332 2053 7
333 2046 6
334 2050 6
335 2039 6
336 2034 6
337 2042 5
338 2044 4
339 2058 7
340 2044 7
341 2041 7
342 2045 7
343 2047 7
344 2044 3
345 2047 4
346 2046 4
347 2050 6
348 2048 7
349 2049 4
350 2039 3
351 2050 4
352 2042 3
353 2049 7
354 2051 6
355 2048 6
356 2048 6
357 2050 6
358 2046 6
359 2043 6
360 2045 6
361 2046 7
362 2043 6
363 2045 7
364 2045 7
365 2049 7
366 2039 7
367 2054 7
368 2045 6
369 2050 7
370 2053 7
371 2039 7
372 2049 7
373 2047 7
374 2046 7
375 2049 7
376 2047 7
377 2042 3
378 2046 4
379 2048 3
380 2047 3
381 2054 3
382 2046 3
383 2056 4
384 2042 3
385 2043 211
386 2048 4
387 2043 4
388 2043 4
389 2046 3
390 2051 4
391 2052 4
392 2041 4
393 2050 4
394 2040 4
395 2051 4
396 2040 4
397 2046 3
398 2040 4
399 2042 3
400 2042 4
401 2043 3
402 2047 7
403 2043 7
404 2045 7
405 2044 7
406 2047 7
407 2044 7
408 2047 7
409 2041 7
410 2044 7
411 2050 4
412 2046 4
413 2043 4
414 2044 3
415 2053 3
416 2045 4
417 2044 3
418 2048 2
419 2041 4
420 2037 4
421 2053 3
422 2057 3
423 2042 3
424 2048 3
425 2041 4
426 2046 4
427 2051 3
428 2048 3
429 2048 4
430 2040 3
431 2054 4
432 2047 3
433 2051 4
434 2037 3
435 2043 5
436 2042 4
437 2044 4
438 2038 4
439 2043 4
440 2049 4
441 2051 4
442 2036 4
443 2050 4
444 2044 3
445 2042 3
446 2051 4
447 2047 8
448 2033 4
449 2046 3
450 2046 4
451 2043 3
452 2043 4
453 2047 3
454 2045 3
455 2048 4
456 2041 4
457 2048 4
458 2044 4
459 2045 4
460 2051 4
461 2044 4
462 2044 3
463 2052 4
464 2054 4
465 2043 3
466 2053 3
467 2043 3
468 2044 4
469 2043 3
470 2034 4
471 2050 4
472 2055 4
473 2045 3
474 2048 3
475 2049 3
476 2046 3
477 2049 3
478 2048 4
479 2054 3
480 2039 3
481 2048 3
482 2044 3
483 2046 4
484 2042 4
485 2050 4
486 2046 7
487 2051 7
488 2044 7
489 2046 7
490 2050 7
491 2049 7
492 2044 7
493 2045 7
494 2047 7
495 2049 7
496 2043 7
497 2044 7
498 2047 7
499 2043 7
500 2046 7
501 2050 7
502 2047 3
503 2047 3
504 2044 3
505 2045 8
506 2046 3
507 2050 4
508 2042 4
509 2046 4
510 2045 3
511 2049 4
512 2036 4
513 2044 4
514 2052 3
515 2048 4
516 2047 4
517 2047 4
518 2049 4
519 2042 4
520 2037 3
521 2044 3
522 2047 8
523 2044 3
524 2048 4
525 2046 3
526 2043 8
527 2042 8
528 2047 8
529 2048 9
530 2042 8
531 2043 8
532 2045 8
533 2049 8
534 2053 8
535 2059 8
536 2046 9
537 2046 3
538 2041 4
539 2045 4
540 2044 4
541 2045 4
542 2047 4
543 2037 3
544 2048 3
545 2042 4
546 2045 4
547 2043 3
548 2046 3
549 2048 4
550 2049 3
551 2045 3
552 2049 4
553 2047 3
554 2042 3
555 2046 3
556 2043 3
557 2042 4
558 2043 3
559 2038 3
560 2054 3
561 2047 9
562 2044 3
563 2044 3
564 2040 4
565 2046 4
566 2038 4
567 2047 4
568 2039 3
569 2047 4
570 2041 4
571 2046 4
572 2047 4
573 2048 3
574 2044 3
575 2044 3
576 2042 3
577 2044 3
578 2050 4
579 2053 3
580 2049 4
581 2046 3
582 2046 3
583 2046 5
584 2043 3
585 2032 3
586 2045 3
587 2043 3
588 2044 4
589 2040 4
590 2044 3
591 2042 4
592 2044 3
593 2042 4
594 2049 9
595 2046 9
596 2048 4
597 2039 4
598 2041 4
599 2044 4
600 2043 10
601 2048 4
602 2045 3
603 2050 4
604 2042 3
605 2047 4
606 2045 4
607 2040 4
608 2045 3
609 2016 266
610 2032 254
611 2045 5
612 2042 4
613 2015 259
614 2051 4
615 2042 4
616 2055 257
617 2044 4
618 2044 4
619 2050 4
620 2040 316
621 2045 6
622 2016 340
623 2015 490
624 2046 690
625 2046 4
626 2043 4
627 2049 3
628 2079 286
629 2081 281
630 2045 4
631 2042 4
632 2045 4
633 2051 3
634 2046 11
635 2031 274
636 2032 273
637 2032 271
638 2057 3
639 2045 3
640 2047 3
641 2041 274
642 2050 4
643 2049 4
644 2046 3
645 2041 4
646 2050 4
647 2044 3
648 2031 268
649 2050 3
650 2040 4
651 2041 269
652 2053 275
653 2032 278
654 2041 11
655 2047 277
656 2045 10
657 2050 3
658 2046 3
659 2080 296
660 2046 4
661 2077 297
662 2025 298
663 2044 4
664 2054 4
665 2043 3
666 2040 3
667 2018 295
668 2052 4
669 2054 3
670 2050 3
671 2016 291
672 2039 277
673 2043 9
674 2044 9
675 2051 9
676 2037 9
677 2043 9
678 2038 9
679 2048 9
680 2051 9
681 2045 9
682 2054 9
683 2048 9
684 2045 9
685 2044 9
686 2051 9
687 2055 9
688 2038 9
689 2039 14
690 2043 14
691 2041 15
692 2038 14
693 2039 19
694 2046 15
695 2046 14
696 2047 12
697 2043 9
698 2046 9
699 2045 9
700 2048 9
701 2052 9
702 2046 9
703 2050 9
704 2056 9
705 2043 9
706 2043 9
707 2041 9
708 2052 9
709 2044 9
710 2037 9
711 2044 9
712 2052 9
713 2041 9
714 2047 9
715 2048 9
716 2041 9
717 2037 9
718 2048 9
719 2051 9
720 2038 9
721 2050 10
722 2050 9
723 2046 9
724 2048 9
725 2036 9
726 2053 9
727 2050 9
728 2053 9
729 2047 9
730 2058 9
731 2042 9
732 2044 9
733 2052 9
734 2041 9
735 2052 10
736 2042 9
737 2040 9
738 2044 9
739 2046 9
740 2051 9
741 2051 9
742 2043 9
743 2051 9
744 2052 10
745 2052 9
746 2035 9
747 2049 9
748 2043 9
749 2048 9
750 2043 9
751 2043 9
752 2049 9
753 2049 9
754 2047 9
755 2045 9
756 2035 9
757 2050 9
758 2038 9
759 2045 9
760 2039 9
761 2040 9
762 2043 9
763 2044 9
764 2041 9
765 2043 9
766 2045 9
767 2046 9
768 2040 9
769 2052 9
770 2047 9
771 2044 9
772 2038 9
773 2044 9
774 2051 9
775 2049 9
776 2045 9
777 2036 9
778 2044 9
779 2049 9
780 2042 9
781 2044 9
782 2046 9
783 2045 9
784 2043 9
785 2042 9
786 2041 9
787 2048 9
788 2048 9
789 2037 9
790 2043 9
791 2043 9
792 2055 9
793 2045 9
794 2047 9
795 2044 9
796 2047 9
797 2045 9
798 2050 9
799 2043 9
800 2050 9
801 2050 9
802 2044 9
803 2042 9
804 2044 9
805 2044 9
806 2047 9
807 2048 9
808 2054 9
809 2045 9
810 2049 9
811 2047 9
812 2042 9
813 2046 9
814 2038 9
815 2043 9
816 2048 9
817 2045 9
818 2046 9
819 2047 10
820 2048 9
821 2046 9
822 2040 9
823 2049 9
824 2049 9
825 2056 9
826 2037 9
827 2048 9
828 2049 9
829 2047 9
830 2040 9
831 2045 9
832 2046 9
833 2044 9
834 2044 9
835 2044 9
836 2051 9
837 2048 9
838 2036 9
839 2045 9
840 2046 9
841 2045 9
842 2046 9
843 2052 9
844 2053 9
845 2045 9
846 2041 9
847 2050 9
848 2049 9
849 2048 9
850 2046 9
851 2044 9
852 2048 9
853 2046 9
854 2046 9
855 2048 9
856 2043 9
857 2046 9
858 2052 9
859 2039 9
860 2050 9
861 2046 9
862 2046 9
863 2045 10
864 2046 11
865 2052 4
866 2054 4
867 2044 4
868 2045 4
869 2045 4
870 2051 4
871 2044 4
872 2047 4
873 2051 3
874 2040 3
875 2045 3
876 2043 2
877 2047 3
878 2042 2
879 2035 2
880 2040 2
881 2042 4
882 2049 4
883 2048 4
884 2050 4
885 2046 4
886 2051 4
887 2051 4
888 2042 4
889 2055 4
890 2045 4
891 2047 4
892 2049 4
893 2054 4
894 2048 4
895 2046 4
896 2043 4
897 2044 3
898 2048 4
899 2044 4
900 2048 3
901 2045 4
902 2050 4
903 2044 4
904 2043 4
905 2037 4
906 2047 4
907 2045 4
908 2047 4
909 2046 4
910 2045 4
911 2037 4
912 2046 4
913 2049 11
914 2046 9
915 2039 9
916 2039 9
917 2044 9
918 2047 9
919 2050 9
920 2051 9
921 2043 9
922 2045 9
923 2044 9
924 2038 9
925 2045 9
926 2052 9
927 2049 9
928 2042 9
929 2042 9
930 2046 9
931 2045 9
932 2048 9
933 2044 9
934 2046 9
935 2050 9
936 2051 9
937 2039 9
938 2048 9
939 2045 9
940 2045 9
941 2044 9
942 2054 9
943 2047 9
944 2047 9
945 2045 9
946 2046 8
947 2046 9
948 2041 9
949 2045 9
950 2050 9
951 2044 9
952 2046 9
953 2039 9
954 2045 9
955 2040 9
956 2042 9
957 2049 9
958 2041 8
959 2044 9
960 2045 9
961 2052 9
962 2041 9
963 2050 9
964 2040 9
965 2056 9
966 2048 9
967 2050 9
968 2043 9
969 2039 8
970 2049 9
971 2047 9
972 2051 9
973 2046 9
974 2053 9
975 2047 9
976 2043 8
977 2048 9
978 2044 9
979 2050 9
980 2052 9
981 2045 8
982 2041 9
983 2045 9
984 2048 9
985 2046 9
986 2045 9
987 2042 9
988 2047 9
989 2041 9
990 2045 9
991 2042 9
992 2043 8
993 2050 9
994 2043 9
995 2044 8
996 2041 9
997 2051 9
998 2036 9
999 2043 9
1000 2050 9
1001 2043 10
1002 2038 9
1003 2042 9
1004 2045 9
1005 2047 9
1006 2041 9
1007 2058 9
1008 2052 9
1009 2047 9
1010 2043 9
1011 2047 9
1012 2049 9
1013 2042 9
1014 2049 9
1015 2040 9
1016 2054 9
1017 2039 9
1018 2048 9
1019 2046 9
1020 2040 10
1021 2048 9
1022 2045 9
1023 2038 9
1024 2048 9
1025 2047 9
1026 2049 9
1027 2044 9
1028 2044 9
1029 2043 9
1030 2046 9
1031 2045 9
1032 2052 9
1033 2049 8
1034 2050 9
1035 2046 9
1036 2046 8
1037 2042 9
1038 2046 8
1039 2045 8
1040 2046 8
1041 2042 9
1042 2043 9
1043 2040 9
1044 2048 9
1045 2047 9
1046 2045 9
1047 2048 9
1048 2044 9
1049 2042 9
1050 2044 9
1051 2048 9
1052 2045 9
1053 2043 9
1054 2052 9
1055 2045 9
1056 2052 9
1057 2053 12
1058 2048 11
1059 2044 12
1060 2046 12
1061 2045 11
1062 2049 12
1063 2051 12
1064 2046 11
1065 2042 9
1066 2042 9
1067 2047 9
1068 2044 9
1069 2050 9
1070 2046 8
1071 2049 9
1072 2047 8
1073 2047 9
1074 2043 8
1075 2046 9
1076 2050 9
1077 2047 9
1078 2052 9
1079 2045 9
1080 2044 9
1081 2043 8
1082 2043 9
1083 2046 9
1084 2047 9
1085 2045 9
1086 2047 8
1087 2045 9
1088 2045 9
1089 2039 9
1090 2048 9
1091 2052 9
1092 2054 9
1093 2050 9
1094 2036 9
1095 2045 9
1096 2043 9
1097 2045 9
1098 2047 9
1099 2052 9
1100 2050 9
1101 2044 9
1102 2050 9
1103 2046 9
1104 2045 9
1105 2042 9
1106 2046 9
1107 2044 9
1108 2049 9
1109 2051 9
1110 2044 9
1111 2053 9
1112 2046 9
1113 2045 9
1114 2049 10
1115 2047 9
1116 2039 9
1117 2052 9
1118 2046 9
1119 2035 8
1120 2048 9
1121 2054 9
1122 2050 9
1123 2045 10
1124 2049 9
1125 2044 9
1126 2044 9
1127 2037 9
1128 2041 9
1129 2047 9
1130 2051 10
1131 2044 9
1132 2050 9
1133 2051 9
1134 2051 9
1135 2046 9
1136 2051 9
1137 2047 9
1138 2046 9
1139 2050 9
1140 2051 10
1141 2047 9
1142 2044 9
1143 2044 9
1144 2041 9
1145 2051 10
1146 2044 9
1147 2050 9
1148 2051 9
1149 2041 9
1150 2042 9
1151 2051 9
1152 2039 9
1153 2045 9
1154 2047 9
1155 2046 9
1156 2054 9
1157 2051 9
1158 2044 9
1159 2045 10
1160 2047 9
1161 2049 10
1162 2049 9
1163 2054 10
1164 2048 9
1165 2044 9
1166 2048 9
1167 2045 9
1168 2041 9
1169 2046 9
1170 2045 10
1171 2041 9
1172 2055 9
1173 2043 9
1174 2052 9
1175 2045 9
1176 2043 9
1177 2048 10
1178 2050 10
1179 2044 9
1180 2041 9
1181 2045 10
1182 2044 9
1183 2039 9
1184 2043 9
1185 2038 9
1186 2046 10
1187 2048 10
1188 2050 9
1189 2043 9
1190 2048 10
1191 2052 10
1192 2049 9
1193 2043 10
1194 2047 10
1195 2044 10
1196 2042 10
1197 2051 10
1198 2053 9
1199 2049 10
1200 2045 9
1201 2040 10
1202 2051 10
1203 2051 10
1204 2046 10
1205 2032 10
1206 2047 10
1207 2045 10
1208 2044 9
1209 2047 9
1210 2048 10
1211 2046 9
1212 2043 10
1213 2056 10
1214 2046 9
1215 2050 10
1216 2045 9
1217 2051 10
1218 2043 9
1219 2054 10
1220 2044 9
1221 2042 9
1222 2044 10
1223 2044 10
1224 2041 9
1225 2046 10
1226 2042 10
1227 2044 10
1228 2043 10
1229 2043 10
1230 2043 10
1231 2046 10
1232 2039 9
1233 2048 10
1234 2047 10
1235 2041 10
1236 2049 10
1237 2045 10
1238 2048 10
1239 2044 10
1240 2046 9
1241 2046 10
1242 2048 10
1243 2045 10
1244 2041 10
1245 2043 10
1246 2045 10
1247 2048 10
1248 2046 10
1249 2043 10
1250 2051 10
1251 2049 10
1252 2044 10
1253 2040 10
1254 2047 10
1255 2042 9
1256 2050 9
1257 2037 9
1258 2048 10
1259 2035 10
1260 2050 10
1261 2047 10
1262 2047 10
1263 2046 10
1264 2050 9
1265 2045 9
1266 2043 9
1267 2049 10
1268 2051 9
1269 2040 9
1270 2048 9
1271 2047 9
1272 2046 10
1273 2047 9
1274 2045 9
1275 2044 10
1276 2048 9
1277 2048 10
1278 2049 10
1279 2045 9
1280 2049 9
1281 2048 9
1282 2045 9
1283 2045 10
1284 2045 9
1285 2040 9
1286 2044 9
1287 2044 10
1288 2046 9
1289 2039 9
1290 2045 9
1291 2043 9
1292 2035 9
1293 2049 9
1294 2042 9
1295 2046 9
1296 2046 10
1297 2038 9
1298 2050 9
1299 2044 10
1300 2049 9
1301 2050 10
1302 2044 10
1303 2056 10
1304 2049 9
1305 2048 9
1306 2056 9
1307 2043 9
1308 2049 10
1309 2048 10
1310 2048 9
1311 2045 10
1312 2047 9
1313 2048 9
1314 2039 10
1315 2043 10
1316 2049 9
1317 2047 10
1318 2042 9
1319 2035 9
1320 2045 9
1321 2047 9
1322 2043 9
1323 2045 9
1324 2046 9
1325 2054 10
1326 2048 9
1327 2046 9
1328 2050 9
1329 2047 9
1330 2051 9
1331 2050 10
1332 2044 9
1333 2044 9
1334 2045 9
1335 2053 9
1336 2043 9
1337 2046 9
1338 2045 10
1339 2049 9
1340 2046 9
1341 2051 10
1342 2050 10
1343 2050 9
1344 2046 9
1345 2040 2
1346 2042 2
1347 2053 2
1348 2039 2
1349 2047 3
1350 2040 2
1351 2047 2
1352 2041 3
1353 2053 10
1354 2046 10
1355 2041 9
1356 2052 10
1357 2048 9
1358 2042 9
1359 2043 10
1360 2047 9
1361 2047 9
1362 2050 9
1363 2047 9
1364 2045 9
1365 2047 9
1366 2046 9
1367 2042 10
1368 2046 9
1369 2047 9
1370 2050 9
1371 2042 9
1372 2045 9
1373 2039 9
1374 2046 9
1375 2043 9
1376 2043 9
1377 2047 9
1378 2046 9
1379 2043 9
1380 2048 9
1381 2042 9
1382 2045 9
1383 2041 10
1384 2050 9
1385 2050 9
1386 2053 10
1387 2046 9
1388 2053 9
1389 2046 9
1390 2050 10
1391 2048 11
1392 2048 4
1393 2045 11
1394 2047 10
1395 2047 10
1396 2040 9
1397 2043 9
1398 2042 9
1399 2045 9
1400 2044 9
1401 2046 10
1402 2050 10
1403 2041 10
1404 2045 10
1405 2049 9
1406 2044 9
1407 2054 9
1408 2050 9
1409 2050 9
1410 2044 9
1411 2046 9
1412 2048 9
1413 2045 10
1414 2044 9
1415 2045 10
1416 2043 10
1417 2044 10
1418 2057 10
1419 2048 10
1420 2037 10
1421 2046 9
1422 2048 10
1423 2044 9
1424 2050 9
1425 2042 2
1426 2040 3
1427 2045 2
1428 2042 2
1429 2049 2
1430 2052 2
1431 2047 2
1432 2045 2
1433 2041 2
1434 2049 3
1435 2047 2
1436 2040 3
1437 2047 2
1438 2050 2
1439 2044 3
1440 2045 2
1441 2046 9
1442 2045 9
1443 2042 10
1444 2046 9
1445 2046 9
1446 2048 10
1447 2051 9
1448 2045 10
1449 2039 10
1450 2047 9
1451 2035 9
1452 2053 9
1453 2043 10
1454 2044 10
1455 2051 10
1456 2046 9
1457 2047 10
1458 2051 9
1459 2050 9
1460 2043 9
1461 2039 9
1462 2043 9
1463 2042 10
1464 2041 10
1465 2049 9
1466 2042 9
1467 2048 10
1468 2053 9
1469 2038 10
1470 2057 10
1471 2041 9
1472 2042 9
1473 2041 9
1474 2041 9
1475 2047 9
1476 2040 9
1477 2046 9
1478 2047 9
1479 2052 10
1480 2051 9
1481 2047 9
1482 2060 10
1483 2049 9
1484 2047 9
1485 2035 9
1486 2052 10
1487 2048 10
1488 2044 10
1489 2050 10
1490 2054 9
1491 2049 10
1492 2053 9
1493 2047 9
1494 2049 9
1495 2053 9
1496 2040 9
1497 2043 10
1498 2044 9
1499 2039 10
1500 2053 9
1501 2045 10
1502 2057 9
1503 2040 10
1504 2047 9
1505 2047 9
1506 2043 9
1507 2039 9
1508 2036 9
1509 2047 9
1510 2040 10
1511 2055 9
1512 2045 9
1513 2045 9
1514 2047 9
1515 2052 9
1516 2050 9
1517 2049 9
1518 2044 9
1519 2048 11
1520 2045 9
1521 2046 9
1522 2045 9
1523 2050 10
1524 2050 9
1525 2052 9
1526 2046 9
1527 2048 10
1528 2051 10
1529 2045 9
1530 2046 10
1531 2045 9
1532 2046 9
1533 2036 9
1534 2044 9
1535 2047 9
1536 2034 9
1537 2038 9
1538 2043 9
1539 2047 9
1540 2045 9
1541 2039 9
1542 2041 9
1543 2052 9
1544 2050 9
1545 2057 9
1546 2046 10
1547 2044 9
1548 2044 10
1549 2039 9
1550 2052 9
1551 2041 9
1552 2051 9
1553 2043 9
1554 2051 9
1555 2043 9
1556 2045 9
1557 2046 9
1558 2044 9
1559 2047 10
1560 2046 9
1561 2048 9
1562 2043 9
1563 2051 9
1564 2042 9
1565 2046 10
1566 2047 9
1567 2048 9
1568 2048 9
1569 2047 9
1570 2052 9
1571 2044 9
1572 2046 9
1573 2040 9
1574 2040 9
1575 2052 10
1576 2041 9
1577 2048 9
1578 2041 9
1579 2042 10
1580 2042 9
1581 2043 9
1582 2052 9
1583 2049 9
1584 2050 9
1585 2046 10
1586 2050 10
1587 2043 9
1588 2048 10
1589 2050 9
1590 2041 9
1591 2040 9
1592 2047 8
1593 2049 9
1594 2049 9
1595 2043 9
1596 2043 9
1597 2039 9
1598 2046 9
1599 2048 9
1600 2048 9
1601 2045 9
1602 2046 9
1603 2039 9
1604 2038 10
1605 2042 9
1606 2051 9
1607 2044 10
1608 2040 9
1609 2047 9
1610 2046 10
1611 2054 9
1612 2042 9
1613 2046 11
1614 2048 10
1615 2044 10
1616 2045 9
1617 2044 9
1618 2040 9
1619 2044 9
1620 2044 10
1621 2049 10
1622 2047 9
1623 2051 9
1624 2047 9
1625 2054 10
1626 2049 9
1627 2040 9
1628 2050 9
1629 2049 10
1630 2056 9
1631 2045 9
1632 2046 10
1633 2047 9
1634 2045 9
1635 2058 9
1636 2044 9
1637 2045 9
1638 2041 9
1639 2046 9
1640 2042 9
1641 2044 9
1642 2049 10
1643 2050 9
1644 2041 9
1645 2051 9
1646 2038 9
1647 2054 9
1648 2052 9
1649 2039 9
1650 2054 10
1651 2053 9
1652 2042 9
1653 2045 9
1654 2047 10
1655 2047 10
1656 2047 9
1657 2047 9
1658 2046 10
1659 2038 9
1660 2043 9
1661 2051 10
1662 2048 9
1663 2054 9
1664 2040 10
1665 2045 9
1666 2049 9
1667 2043 10
1668 2055 9
1669 2045 9
1670 2043 9
1671 2050 9
1672 2047 9
1673 2046 9
1674 2055 9
1675 2049 9
1676 2045 9
1677 2049 9
1678 2050 9
1679 2048 9
1680 2054 9
1681 2040 10
1682 2045 9
1683 2050 9
1684 2042 9
1685 2047 9
1686 2044 10
1687 2046 10
1688 2039 9
1689 2050 9
1690 2048 9
1691 2043 9
1692 2044 10
1693 2042 9
1694 2046 9
1695 2054 9
1696 2051 9
1697 2043 10
1698 2040 10
1699 2043 10
1700 2044 10
1701 2049 10
1702 2044 10
1703 2050 10
1704 2042 10
1705 2046 9
1706 2053 9
1707 2049 9
1708 2053 10
1709 2043 10
1710 2045 9
1711 2049 9
1712 2044 9
1713 2042 9
1714 2046 9
1715 2048 9
1716 2044 9
1717 2042 10
1718 2044 9
1719 2046 9
1720 2047 9
1721 2041 9
1722 2046 10
1723 2043 9
1724 2042 10
1725 2035 9
1726 2045 9
1727 2046 9
1728 2040 9
1729 2046 10
1730 2046 9
1731 2043 10
1732 2044 9
1733 2043 9
1734 2049 9
1735 2045 9
1736 2048 9
1737 2045 9
1738 2043 9
1739 2048 9
1740 2047 9
1741 2049 9
1742 2047 9
1743 2043 9
1744 2049 9
1745 2045 9
1746 2041 9
1747 2044 9
1748 2053 10
1749 2048 9
1750 2049 9
1751 2048 9
1752 2044 9
1753 2044 9
1754 2047 9
1755 2044 9
1756 2043 9
1757 2045 9
1758 2045 9
1759 2041 9
1760 2042 10
1761 2045 9
1762 2050 10
1763 2054 9
1764 2041 9
1765 2044 10
1766 2049 9
1767 2045 9
1768 2053 9
1769 2042 9
1770 2048 9
1771 2042 9
1772 2051 9
1773 2044 9
1774 2050 9
1775 2045 9
1776 2045 9
1777 2037 9
1778 2040 9
1779 2040 9
1780 2055 9
1781 2037 9
1782 2043 9
1783 2041 9
1784 2048 9
1785 2043 9
1786 2049 9
1787 2050 9
1788 2047 9
1789 2045 9
1790 2043 9
1791 2039 9
1792 2047 9
1793 2049 8
1794 2047 8
1795 2040 9
1796 2042 8
1797 2047 9
1798 2041 9
1799 2044 8
1800 2045 9
1801 2050 9
1802 2044 8
1803 2047 9
1804 2050 8
1805 2051 9
1806 2042 9
1807 2043 9
1808 2044 8
1809 2039 3
1810 2046 3
1811 2039 3
1812 2053 3
1813 2045 3
1814 2054 3
1815 2053 3
1816 2033 3
1817 2052 3
1818 2049 3
1819 2049 3
1820 2047 3
1821 2045 3
1822 2043 3
1823 2051 3
1824 2048 3
1825 2038 8
1826 2058 9
1827 2051 8
1828 2050 8
1829 2042 8
1830 2050 8
1831 2042 8
1832 2050 8
1833 2040 9
1834 2046 8
1835 2046 8
1836 2045 9
1837 2050 8
1838 2044 8
1839 2047 8
1840 2045 8
1841 2049 8
1842 2042 8
1843 2046 8
1844 2044 8
1845 2045 8
1846 2044 7
1847 2058 8
1848 2050 8
1849 2040 8
1850 2039 8
1851 2051 8
1852 2039 8
1853 2043 8
1854 2035 8
1855 2043 8
1856 2046 7
1857 2039 8
1858 2050 7
1859 2045 7
1860 2049 8
1861 2043 8
1862 2050 8
1863 2041 8
1864 2047 8
1865 2041 8
1866 2041 8
1867 2046 8
1868 2046 7
1869 2044 8
1870 2038 8
1871 2044 7
1872 2051 7
1873 2046 8
1874 2037 8
1875 2042 8
1876 2053 7
1877 2048 8
1878 2046 7
1879 2043 7
1880 2047 8
1881 2047 8
1882 2045 7
1883 2047 8
1884 2046 8
1885 2052 7
1886 2044 7
1887 2048 8
1888 2038 7
1889 2039 7
1890 2053 8
1891 2048 8
1892 2049 7
1893 2046 7
1894 2048 8
1895 2046 7
1896 2057 7
1897 2045 7
1898 2046 7
1899 2051 8
1900 2045 7
1901 2042 7
1902 2045 7
1903 2058 8
1904 2046 7
1905 2049 7
1906 2042 7
1907 2039 7
1908 2045 7
1909 2040 7
1910 2041 7
1911 2042 7
1912 2045 7
1913 2048 7
1914 2050 7
1915 2046 7
1916 2048 7
1917 2049 7
1918 2050 7
1919 2042 7
1920 2040 8
1921 2043 7
1922 2048 7
1923 2040 7
1924 2047 8
1925 2042 7
1926 2051 7
1927 2051 7
1928 2051 8
1929 2050 7
1930 2040 7
1931 2038 7
1932 2041 7
1933 2048 7
1934 2044 7
1935 2038 7
1936 2050 7
1937 2049 3
1938 2044 3
1939 2044 3
1940 2050 3
1941 2043 3
1942 2052 3
1943 2046 3
1944 2048 3
1945 2050 3
1946 2044 3
1947 2040 3
1948 2049 3
1949 2049 3
1950 2046 3
1951 2051 3
1952 2053 3
1953 2044 7
1954 2051 7
1955 2043 7
1956 2048 7
1957 2045 7
1958 2041 7
1959 2040 7
1960 2047 7
1961 2048 7
1962 2039 7
1963 2045 7
1964 2042 7
1965 2044 7
1966 2040 7
1967 2049 7
1968 2044 7
1969 2049 6
1970 2044 6
1971 2046 6
1972 2042 6
1973 2045 7
1974 2038 7
1975 2051 6
1976 2040 7
1977 2045 6
1978 2050 7
1979 2051 6
1980 2042 7
1981 2054 7
1982 2043 7
1983 2049 7
1984 2048 7
1985 2036 7
1986 2044 6
1987 2050 7
1988 2047 7
1989 2043 7
1990 2047 7
1991 2051 7
1992 2047 7
1993 2045 8
1994 2045 7
1995 2049 7
1996 2039 6
1997 2044 7
1998 2044 7
1999 2047 7
2000 2044 6
2001 2046 7
2002 2048 7
2003 2049 7
2004 2047 7
2005 2034 7
2006 2031 7
2007 2048 7
2008 2046 7
2009 2046 7
2010 2056 7
2011 2053 7
2012 2050 6
2013 2038 7
2014 2042 7
2015 2038 7
2016 2051 7
2017 2042 4
2018 2045 4
2019 2053 4
2020 2043 4
2021 2049 4
2022 2046 4
2023 2046 5
2024 2047 5
2025 2044 4
2026 2041 4
2027 2047 4
2028 2041 4
2029 2047 5
2030 2045 5
2031 2054 5
2032 2043 5
2033 2045 4
2034 2036 4
2035 2048 4
2036 2051 4
2037 2049 4
2038 2045 4
2039 2051 4
2040 2048 4
2041 2054 4
2042 2052 4
2043 2048 4
2044 2052 4
2045 2054 4
2046 2046 4
2047 2044 4
2048 2043 4
2049 2043 4
2050 2049 4
2051 2039 4
2052 2039 4
2053 2045 4
2054 2038 4
2055 2046 4
2056 2050 4
2057 2044 4
2058 2043 4
2059 2044 4
2060 2048 4
2061 2047 4
2062 2049 4
2063 2047 4
2064 2045 4
2065 2051 4
2066 2044 4
2067 2046 4
2068 2047 4
2069 2043 4
2070 2045 4
2071 2043 4
2072 2038 4
2073 2043 4
2074 2048 4
2075 2049 4
2076 2049 4
2077 2049 4
2078 2050 4
2079 2047 4
2080 2046 4
2081 2045 4
2082 2042 4
2083 2047 4
2084 2049 4
2085 2048 4
2086 2049 4
2087 2040 4
2088 2046 4
2089 2052 4
2090 2037 4
2091 2046 4
2092 2043 4
2093 2046 4
2094 2047 4
2095 2053 4
2096 2045 4
2097 2045 5
2098 2037 4
2099 2054 5
2100 2039 5
2101 2059 5
2102 2047 5
2103 2048 5
2104 2054 5
2105 2040 5
2106 2041 5
2107 2042 5
2108 2048 5
2109 2032 5
2110 2046 5
2111 2050 5
2112 2051 5
2113 2052 4
2114 2044 5
2115 2039 4
2116 2040 4
2117 2041 4
2118 2051 4
2119 2056 5
2120 2047 4
2121 2046 4
2122 2050 4
2123 2052 4
2124 2045 4
2125 2042 4
2126 2044 4
2127 2050 4
2128 2043 4
2129 2047 4
2130 2051 4
2131 2049 4
2132 2046 4
2133 2054 4
2134 2047 4
2135 2038 4
2136 2039 4
2137 2043 4
2138 2045 4
2139 2056 4
2140 2052 4
2141 2042 4
2142 2045 4
2143 2041 4
2144 2047 4
2145 2048 4
2146 2043 4
2147 2044 4
2148 2048 4
2149 2047 4
2150 2044 4
2151 2046 4
2152 2050 4
2153 2047 4
2154 2042 4
2155 2047 4
2156 2050 4
2157 2046 4
2158 2042 4
2159 2055 4
2160 2050 4
2161 2047 3
2162 2039 3
2163 2046 3
2164 2047 3
2165 2040 3
2166 2039 3
2167 2047 3
2168 2047 3
2169 2046 3
2170 2050 3
2171 2050 3
2172 2052 3
2173 2041 3
2174 2050 3
2175 2034 3
2176 2040 3
2177 2047 4
2178 2047 4
2179 2048 4
2180 2051 4
2181 2043 4
2182 2054 4
2183 2039 4
2184 2045 4
2185 2042 4
2186 2047 4
2187 2043 4
2188 2039 4
2189 2043 4
2190 2044 4
2191 2043 4
2192 2048 4
2193 2048 4
2194 2039 4
2195 2048 4
2196 2051 4
2197 2046 4
2198 2044 4
2199 2056 4
2200 2040 4
2201 2045 4
2202 2043 4
2203 2050 4
2204 2045 4
2205 2045 4
2206 2045 4
2207 2048 4
2208 2043 4
2209 2045 3
2210 2048 4
2211 2043 3
2212 2048 4
2213 2044 4
2214 2040 3
2215 2047 3
2216 2037 4
2217 2051 4
2218 2048 4
2219 2046 4
2220 2051 4
2221 2050 3
2222 2051 3
2223 2053 3
2224 2041 4
2225 2043 3
2226 2044 4
2227 2048 3
2228 2051 4
2229 2044 4
2230 2042 3
2231 2051 3
2232 2041 3
2233 2048 3
2234 2048 3
2235 2053 3
2236 2038 3
2237 2047 4
2238 2048 3
2239 2047 3
2240 2048 3
2241 2048 3
2242 2041 3
2243 2043 9
2244 2052 3
2245 2053 3
2246 2042 3
2247 2041 3
2248 2044 4
2249 2048 3
2250 2048 3
2251 2051 3
2252 2047 3
2253 2047 3
2254 2045 3
2255 2053 3
2256 2044 3
2257 2056 3
2258 2043 3
2259 2043 3
2260 2044 3
2261 2052 3
2262 2046 3
2263 2048 3
2264 2040 3
2265 2045 3
2266 2049 3
2267 2043 3
2268 2050 3
2269 2044 3
2270 2049 3
2271 2046 3
2272 2047 3
2273 2041 3
2274 2048 3
2275 2040 3
2276 2042 3
2277 2049 3
2278 2046 3
2279 2045 3
2280 2044 3
2281 2044 3
2282 2044 3
2283 2045 3
2284 2050 3
2285 2046 3
2286 2044 3
2287 2049 3
2288 2046 3
2289 2042 3
2290 2054 3
2291 2038 3
2292 2051 3
2293 2051 3
2294 2049 3
2295 2052 3
2296 2048 3
2297 2039 3
2298 2045 3
2299 2047 3
2300 2049 3
2301 2045 3
2302 2049 3
2303 2051 3
2304 2044 3
2305 2050 3
2306 2050 3
2307 2048 3
2308 2043 3
2309 2055 3
2310 2051 3
2311 2048 3
2312 2055 3
2313 2040 3
2314 2048 3
2315 2047 3
2316 2046 3
2317 2054 3
2318 2056 3
2319 2044 3
2320 2043 3
2321 2043 3
2322 2045 3
2323 2037 3
2324 2048 3
2325 2057 3
2326 2040 3
2327 2041 3
2328 2051 3
2329 2048 3
2330 2054 3
2331 2046 3
2332 2053 3
2333 2044 3
2334 2039 3
2335 2050 3
2336 2053 3
2337 2045 3
2338 2052 3
2339 2050 3
2340 2050 3
2341 2048 3
2342 2042 3
2343 2047 3
2344 2047 3
2345 2039 3
2346 2052 3
2347 2040 3
2348 2044 3
2349 2047 3
2350 2043 3
2351 2049 3
2352 2047 3
2353 2042 3
2354 2050 3
2355 2042 3
2356 2045 3
2357 2043 3
2358 2048 3
2359 2045 3
2360 2053 3
2361 2049 3
2362 2050 3
2363 2040 3
2364 2049 3
2365 2040 3
2366 2047 3
2367 2041 3
2368 2050 3
2369 2049 3
2370 2050 3
2371 2047 3
2372 2055 3
2373 2046 3
2374 2042 3
2375 2043 3
2376 2044 3
2377 2051 3
2378 2047 3
2379 2046 3
2380 2040 3
2381 2049 3
2382 2047 3
2383 2044 3
2384 2045 3
2385 2043 43
2386 2044 39
2387 2045 40
2388 2039 44
2389 2037 39
2390 2051 37
2391 2051 39
2392 2045 38
2393 2051 39
2394 2048 39
2395 2045 39
2396 2051 40
2397 2039 38
2398 2039 41
2399 2044 42
2400 2043 3
2401 2041 4
2402 2043 4
2403 2042 4
2404 2040 4
2405 2050 4
2406 2050 4
2407 2052 4
2408 2044 4
2409 2044 4
2410 2039 4
2411 2048 4
2412 2052 4
2413 2051 4
2414 2048 4
2415 2039 4
2416 2046 4
2417 2046 4
2418 2032 4
2419 2046 4
2420 2051 4
2421 2045 4
2422 2042 4
2423 2043 4
2424 2038 4
2425 2056 4
2426 2053 4
2427 2045 4
2428 2052 4
2429 2044 4
2430 2041 6
2431 2046 5
2432 2044 4
2433 2051 4
2434 2040 4
2435 2041 4
2436 2045 4
2437 2048 4
2438 2050 4
2439 2041 4
2440 2052 4
2441 2049 4
2442 2043 5
2443 2041 4
2444 2037 5
2445 2053 4
2446 2048 4
2447 2043 5
2448 2050 5
2449 2037 9
2450 2043 4
2451 2044 4
2452 2048 4
2453 2047 4
2454 2043 4
2455 2040 4
2456 2048 4
2457 2046 4
2458 2045 4
2459 2051 4
2460 2049 4
2461 2048 4
2462 2037 4
2463 2041 4
2464 2047 4
2465 2044 4
2466 2044 4
2467 2044 4
2468 2049 4
2469 2050 4
2470 2044 4
2471 2048 4
2472 2050 5
2473 2044 5
2474 2042 4
2475 2040 4
2476 2040 4
2477 2048 4
2478 2041 5
2479 2052 4
2480 2049 5
2481 2044 4
2482 2046 4
2483 2051 4
2484 2044 4
2485 2048 4
2486 2044 4
2487 2051 4
2488 2047 4
2489 2041 4
2490 2050 4
2491 2041 4
2492 2034 4
2493 2040 5
2494 2052 5
2495 2046 4
2496 2055 4
2497 2056 4
2498 2040 5
2499 2045 4
2500 2039 4
2501 2046 5
2502 2044 4
2503 2040 4
2504 2050 4
2505 2044 5
2506 2045 5
2507 2043 5
2508 2042 4
2509 2039 4
2510 2048 5
2511 2044 4
2512 2045 5
2513 2048 4
2514 2045 4
2515 2050 4
2516 2046 5
2517 2039 4
2518 2047 5
2519 2043 5
2520 2044 5
2521 2044 5
2522 2038 5
2523 2050 4
2524 2046 4
2525 2043 5
2526 2041 4
2527 2047 5
2528 2044 4
2529 2044 4
2530 2048 5
2531 2050 4
2532 2046 4
2533 2046 4
2534 2042 4
2535 2049 4
2536 2043 5
2537 2044 4
2538 2042 5
2539 2046 5
2540 2048 5
2541 2047 4
2542 2045 5
2543 2037 5
2544 2048 5
2545 2051 4
2546 2053 5
2547 2050 5
2548 2049 5
2549 2043 5
2550 2042 4
2551 2046 5
2552 2044 5
2553 2042 5
2554 2054 5
2555 2049 5
2556 2053 5
2557 2042 5
2558 2050 5
2559 2045 5
2560 2049 5
2561 2048 4
2562 2038 4
2563 2050 5
2564 2053 4
2565 2048 5
2566 2042 5
2567 2047 5
2568 2044 4
2569 2051 5
2570 2038 4
2571 2048 4
2572 2039 5
2573 2047 4
2574 2047 5
2575 2045 5
2576 2053 5
2577 2045 5
2578 2046 5
2579 2048 5
2580 2048 5
2581 2048 5
2582 2043 5
2583 2050 6
2584 2042 5
2585 2045 5
2586 2047 5
2587 2045 5
2588 2052 5
2589 2052 5
2590 2040 5
2591 2036 5
2592 2044 5
2593 2047 5
2594 2042 5
2595 2044 5
2596 2049 5
2597 2046 5
2598 2035 5
2599 2042 5
2600 2046 6
2601 2051 5
2602 2051 5
2603 2046 5
2604 2049 5
2605 2050 5
2606 2038 5
2607 2044 5
2608 2049 5
2609 2036 5
2610 2037 5
2611 2037 5
2612 2048 5
2613 2049 5
2614 2042 5
2615 2043 5
2616 2037 5
2617 2044 5
2618 2047 5
2619 2042 5
2620 2043 5
2621 2036 5
2622 2052 5
2623 2041 5
2624 2046 5
2625 2045 5
2626 2051 5
2627 2044 5
2628 2049 5
2629 2048 5
2630 2043 5
2631 2046 5
2632 2045 5
2633 2050 5
2634 2053 5
2635 2045 5
2636 2043 5
2637 2042 5
2638 2043 5
2639 2049 5
2640 2052 5
2641 2053 5
2642 2044 5
2643 2039 5
2644 2044 5
2645 2049 5
2646 2047 5
2647 2044 5
2648 2048 5
2649 2045 5
2650 2049 5
2651 2044 5
2652 2045 5
2653 2047 5
2654 2050 5
2655 2053 5
2656 2042 5
2657 2054 5
2658 2046 5
2659 2043 5
2660 2044 5
2661 2047 5
2662 2050 5
2663 2047 5
2664 2050 5
2665 2044 5
2666 2054 5
2667 2045 5
2668 2048 5
2669 2047 5
2670 2046 5
2671 2045 5
2672 2054 110
2673 2047 5
2674 2045 5
2675 2047 5
2676 2045 5
2677 2051 5
2678 2048 5
2679 2040 5
2680 2049 5
2681 2047 5
2682 2051 5
2683 2047 5
2684 2048 5
2685 2051 5
2686 2048 5
2687 2041 5
2688 2045 5
2689 2050 5
2690 2052 5
2691 2049 5
2692 2050 5
2693 2050 5
2694 2041 6
2695 2042 5
2696 2048 5
2697 2045 5
2698 2047 5
2699 2048 4
2700 2038 4
2701 2033 5
2702 2041 3
2703 2041 6
2704 2044 5
2705 2046 6
2706 2047 6
2707 2049 5
2708 2050 6
2709 2039 5
2710 2052 5
2711 2037 6
2712 2048 5
2713 2044 5
2714 4095 2
2715 2043 9
2716 2045 6
2717 2048 6
2718 2044 6
2719 2041 6
2720 2046 6
2721 2043 5
2722 2047 6
2723 2051 5
2724 2032 221
2725 2055 5
2726 2045 6
2727 2042 6
2728 2048 6
2729 2045 5
2730 2047 5
2731 2045 6
2732 2041 6
2733 2045 5
2734 2048 6
2735 2041 5
2736 2052 6
2737 2039 6
2738 2049 6
2739 2052 6
2740 2041 6
2741 2050 6
2742 2042 6
2743 2046 6
2744 2045 6
2745 2045 6
2746 2052 6
2747 2049 6
2748 2055 6
2749 2048 6
2750 2045 6
2751 2037 6
2752 2037 6
2753 2051 6
2754 2050 5
2755 2040 5
2756 2050 5
2757 2048 5
2758 2044 6
2759 2052 6
2760 2046 5
2761 2050 5
2762 2045 5
2763 2040 6
2764 2047 6
2765 2047 6
2766 2043 6
2767 2049 6
2768 2049 6
2769 2041 6
2770 2038 6
2771 2043 6
2772 2056 6
2773 2047 6
2774 2051 6
2775 2047 6
2776 2052 6
2777 2052 6
2778 2040 6
2779 2047 6
2780 2044 6
2781 2044 6
2782 2049 6
2783 2043 6
2784 2046 6
2785 2046 6
2786 2037 6
2787 2044 6
2788 2049 6
2789 2040 6
2790 2045 6
2791 2047 6
2792 2046 6
2793 2053 6
2794 2048 6
2795 2048 6
2796 2051 6
2797 2041 6
2798 2046 6
2799 2051 6
2800 2038 6
2801 2048 6
2802 2039 6
2803 2052 6
2804 2048 6
2805 2051 6
2806 2039 6
2807 2044 6
2808 2048 6
2809 2052 6
2810 2050 6
2811 2045 6
2812 2041 6
2813 2036 6
2814 2045 6
2815 2055 6
2816 2048 6
2817 2052 6
2818 2049 7
2819 2046 6
2820 2043 6
2821 2038 6
2822 2039 6
2823 2040 6
2824 2044 6
2825 2044 6
2826 2044 6
2827 2036 7
2828 2050 6
2829 2046 6
2830 2045 6
2831 2041 6
2832 2053 6
2833 2049 6
2834 2042 6
2835 2047 6
2836 2053 6
2837 2046 6
2838 2045 6
2839 2045 6
2840 2048 6
2841 2045 6
2842 2045 7
2843 2047 6
2844 2042 7
2845 2049 6
2846 2050 6
2847 2042 6
2848 2050 7
2849 2046 6
2850 2052 6
2851 2040 6
2852 2050 6
2853 2051 6
2854 2048 6
2855 2053 6
2856 2050 6
2857 2049 6
2858 2049 6
2859 2041 6
2860 2046 6
2861 2051 7
2862 2043 6
2863 2054 6
2864 2035 6
2865 2052 6
2866 2049 7
2867 2046 7
2868 2048 6
2869 2052 6
2870 2049 7
2871 2042 6
2872 2042 6
2873 2040 6
2874 2050 7
2875 2043 7
2876 2049 7
2877 2047 6
2878 2049 7
2879 2043 7
2880 2047 7
2881 2047 6
2882 2043 6
2883 2047 6
2884 2040 6
2885 2044 6
2886 2048 7
2887 2049 6
2888 2045 6
2889 2051 7
2890 2047 6
2891 2051 7
2892 2045 6
2893 2041 6
2894 2051 6
2895 2038 6
2896 2039 7
2897 2050 4
2898 2039 7
2899 2046 6
2900 2049 6
2901 2042 6
2902 2051 6
2903 2041 6
2904 2037 6
2905 2047 7
2906 2041 7
2907 2048 6
2908 2052 7
2909 2050 7
2910 2042 6
2911 2049 7
2912 2045 6
2913 2042 7
2914 2044 7
2915 2046 7
2916 2043 7
2917 2046 7
2918 2045 7
2919 2037 7
2920 2040 6
2921 2047 7
2922 2038 7
2923 2040 7
2924 2053 7
2925 2042 7
2926 2035 7
2927 2046 7
2928 2046 7
2929 2043 7
2930 2048 6
2931 2037 7
2932 2044 7
2933 2040 7
2934 2051 7
2935 2040 7
2936 2051 7
2937 2052 7
2938 2055 7
2939 2047 7
2940 2050 7
2941 2043 7
2942 2043 7
2943 2044 7
2944 2039 7
2945 2049 7
2946 2042 7
2947 2055 7
2948 2042 7
2949 2045 7
2950 2046 7
2951 2043 7
2952 2053 7
2953 2043 7
2954 2046 7
2955 2045 7
2956 2049 7
2957 2043 7
2958 2036 7
2959 2047 7
2960 2044 7
2961 2044 7
2962 2042 7
2963 2047 7
2964 2048 7
2965 2039 7
2966 2045 7
2967 2051 7
2968 2046 7
2969 2048 7
2970 2044 7
2971 2043 7
2972 2049 7
2973 2044 7
2974 2039 7
2975 2049 7
2976 2043 7
2977 2041 7
2978 2045 7
2979 2051 7
2980 2047 7
2981 2048 7
2982 2046 7
2983 2045 7
2984 2047 7
2985 2043 7
2986 2045 7
2987 2049 7
2988 2041 7
2989 2045 7
2990 2054 7
2991 2044 7
2992 2054 7
2993 2040 8
2994 2044 7
2995 2046 8
2996 2045 8
2997 2053 8
2998 2047 8
2999 2051 7
3000 2052 7
3001 2040 8
3002 2045 8
3003 2038 8
3004 2041 8
3005 2045 8
3006 2048 8
3007 2055 8
3008 2045 7
3009 2042 8
3010 2047 8
3011 2044 8
3012 2045 8
3013 2047 8
3014 2053 8
3015 2046 8
3016 2037 8
3017 2040 8
3018 2050 8
3019 2046 8
3020 2047 8
3021 2042 8
3022 2042 8
3023 2040 8
3024 2035 8
3025 2048 8
3026 2049 8
3027 2041 8
3028 2048 8
3029 2035 8
3030 2043 8
3031 2041 8
3032 2047 8
3033 2049 8
3034 2036 8
3035 2049 8
3036 2048 8
3037 2044 8
3038 2039 8
3039 2049 15
3040 2046 4
3041 2049 14
3042 2047 8
3043 2043 8
3044 2048 8
3045 2046 8
3046 2040 8
3047 2051 8
3048 2046 8
3049 2040 8
3050 2045 8
3051 2047 8
3052 2040 8
3053 2038 8
3054 2045 8
3055 2042 8
3056 2056 8
3057 2043 8
3058 2053 8
3059 2050 8
3060 2045 8
3061 2040 8
3062 2056 8
3063 2050 8
3064 2046 8
3065 2039 8
3066 2043 8
3067 2049 8
3068 2045 8
3069 2039 8
3070 2042 8
3071 2049 8
3072 2048 8
3073 2041 8
3074 2043 8
3075 2045 8
3076 2040 8
3077 2049 8
3078 2049 8
3079 2034 820
3080 2046 9
3081 2043 8
3082 2052 9
3083 2048 8
3084 2049 8
3085 2043 8
3086 2049 8
3087 2050 8
3088 2043 8
3089 2042 8
3090 2049 8
3091 2050 8
3092 2046 9
3093 2046 8
3094 2047 8
3095 2054 8
3096 2045 8
3097 2042 8
3098 2042 8
3099 2045 8
3100 2041 8
3101 2052 8
3102 2044 8
3103 2047 8
3104 2045 8
3105 2042 8
3106 2050 8
3107 2045 8
3108 2048 8
3109 2045 8
3110 2053 8
3111 2044 8
3112 2044 8
3113 2055 8
3114 2050 8
3115 2049 8
3116 2046 8
3117 2051 8
3118 2055 8
3119 2056 8
3120 2047 9
3121 2043 8
3122 2052 8
3123 2049 8
3124 2037 8
3125 2048 8
3126 2049 8
3127 2047 8
3128 2041 8
3129 2048 8
3130 2045 8
3131 2047 8
3132 2045 8
3133 2051 8
3134 2042 9
3135 2050 8
3136 2045 8
3137 2043 8
3138 2041 8
3139 2048 8
3140 2053 8
3141 2041 8
3142 2040 8
3143 2046 8
3144 2049 9
3145 2043 8
3146 2043 8
3147 2051 8
3148 2048 8
3149 2047 8
3150 2043 8
3151 2047 8
3152 2047 8
3153 2044 8
3154 2044 9
3155 2041 8
3156 2041 9
3157 2044 9
3158 2041 9
3159 2045 9
3160 2050 9
3161 2047 9
3162 2048 9
3163 2047 9
3164 2046 9
3165 2048 9
3166 2039 9
3167 2048 9
3168 2048 9
3169 2050 9
3170 2050 8
3171 2043 8
3172 2046 8
3173 2041 8
3174 2049 8
3175 2050 8
3176 2040 8
3177 2046 8
3178 2041 8
3179 2039 8
3180 2044 8
3181 2049 8
3182 2043 8
3183 2049 8
3184 2046 8
3185 2042 2
3186 2051 2
3187 2044 2
3188 2044 3
3189 2045 2
3190 2042 2
3191 2047 2
3192 2041 2
3193 2056 8
3194 2047 8
3195 2041 8
3196 2051 8
3197 2046 8
3198 2043 8
3199 2047 8
3200 2049 8
3201 2041 8
3202 2046 8
3203 2052 8
3204 2053 14
3205 2041 8
3206 2048 8
3207 2050 8
3208 2048 8
3209 2048 9
3210 2048 8
3211 2057 8
3212 2051 8
3213 2050 8
3214 2045 8
3215 2045 9
3216 2051 9
3217 2045 9
3218 2042 9
3219 2039 8
3220 2048 8
3221 2043 9
3222 2042 8
3223 2048 9
3224 2046 8
3225 2048 8
3226 2042 9
3227 2041 8
3228 2036 9
3229 2048 9
3230 2051 9
3231 2043 9
3232 2048 8
3233 2048 8
3234 2043 8
3235 2039 8
3236 2054 8
3237 2034 8
3238 2045 9
3239 2045 8
3240 2050 8
3241 2049 9
3242 2047 9
3243 2040 9
3244 2043 9
3245 2047 9
3246 2044 9
3247 2048 9
3248 2047 9
3249 2047 9
3250 2051 9
3251 2043 9
3252 2045 9
3253 2048 9
3254 2034 9
3255 2046 9
3256 2050 9
3257 2049 9
3258 2045 9
3259 2050 9
3260 2042 8
3261 2044 9
3262 2040 9
3263 2047 9
3264 2055 9
3265 2046 8
3266 2053 8
3267 2051 8
3268 2046 8
3269 2054 8
3270 2050 8
3271 2046 8
3272 2043 8
3273 2044 8
3274 2043 8
3275 2051 8
3276 2045 8
3277 2046 8
3278 2043 8
3279 2048 8
3280 2046 8
3281 2046 8
3282 2050 8
3283 2039 8
3284 2047 8
3285 2048 8
3286 2041 8
3287 2044 8
3288 2046 8
3289 2047 8
3290 2049 8
3291 2044 8
3292 2053 8
3293 2043 8
3294 2039 8
3295 2045 8
3296 2045 8
3297 2048 8
3298 2049 8
3299 2049 8
3300 2047 8
3301 2037 8
3302 2047 8
3303 2049 8
3304 2052 8
3305 2049 8
3306 2044 8
3307 2046 8
3308 2049 8
3309 2052 8
3310 2043 8
3311 2042 8
3312 2043 8
3313 2050 8
3314 2048 8
3315 2043 8
3316 2046 8
3317 2042 8
3318 2044 8
3319 2045 8
3320 2036 8
3321 2041 8
3322 2043 8
3323 2044 8
3324 2046 8
3325 2043 8
3326 2040 8
3327 2050 8
3328 2042 8
3329 2050 8
3330 2048 8
3331 2046 8
3332 2040 8
3333 2040 8
3334 2046 8
3335 2049 9
3336 2047 9
3337 2051 8
3338 2045 8
3339 2046 8
3340 2054 8
3341 2047 8
3342 2046 8
3343 2051 8
3344 2049 8
3345 2044 8
3346 2043 8
3347 2053 8
3348 2040 8
3349 2047 8
3350 2038 8
3351 2048 8
3352 2051 8
3353 2038 8
3354 2042 8
3355 2042 8
3356 2041 8
3357 2045 8
3358 2044 8
3359 2052 8
3360 2040 9
3361 2043 8
3362 2046 8
3363 2045 8
3364 2048 8
3365 2047 8
3366 2047 8
3367 2044 8
3368 2045 8
3369 2043 8
3370 2042 8
3371 2052 8
3372 2046 8
3373 2045 8
3374 2049 8
3375 2043 8
3376 2045 8
3377 2044 8
3378 2036 8
3379 2049 8
3380 2049 8
3381 2043 8
3382 2046 8
3383 2050 8
3384 2051 8
3385 2049 8
3386 2047 8
3387 2043 8
3388 2044 8
3389 2047 8
3390 2043 8
3391 2042 8
3392 2051 5
3393 2046 3
3394 2055 3
3395 2048 3
3396 2048 2
3397 2043 2
3398 2042 2
3399 2046 2
3400 2050 2
3401 2046 8
3402 2044 8
3403 2042 8
3404 2053 8
3405 2048 8
3406 2034 8
3407 2045 8
3408 2041 8
3409 2043 9
3410 2048 8
3411 2049 9
3412 2054 8
3413 2043 8
3414 2041 8
3415 2051 8
3416 2051 8
3417 2041 8
3418 2043 8
3419 2054 8
3420 2046 8
3421 2043 8
3422 2044 8
3423 2044 8
3424 2046 8
3425 2035 8
3426 2049 8
3427 2052 9
3428 2049 8
3429 2043 8
3430 2041 8
3431 2051 8
3432 2039 8
3433 2042 8
3434 2048 8
3435 2046 8
3436 2045 8
3437 2052 8
3438 2044 8
3439 2041 8
3440 2043 8
3441 2046 8
3442 2042 8
3443 2042 8
3444 2045 8
3445 2047 8
3446 2042 8
3447 2045 8
3448 2046 8
3449 2051 8
3450 2042 8
3451 2040 8
3452 2042 8
3453 2050 8
3454 2047 8
3455 2043 8
3456 2052 9
3457 2045 8
3458 2049 8
3459 2045 8
3460 2048 8
3461 2043 8
3462 2048 8
3463 2039 8
3464 2049 8
3465 2043 8
3466 2045 8
3467 2042 8
3468 2043 8
3469 2048 8
3470 2049 8
3471 2052 8
3472 2044 8
3473 2047 8
3474 2044 8
3475 2049 8
3476 2046 8
3477 2052 8
3478 2051 8
3479 2049 8
3480 2037 8
3481 2041 8
3482 2043 8
3483 2040 8
3484 2043 8
3485 2046 10
3486 2048 8
3487 2047 9
3488 2056 10
3489 2041 6
3490 2036 8
3491 2046 8
3492 2048 8
3493 2045 8
3494 2046 8
3495 2042 8
3496 2044 8
3497 2051 8
3498 2051 8
3499 2052 8
3500 2047 8
3501 2049 8
3502 2042 8
3503 2047 8
3504 2048 8
3505 2046 8
3506 2048 8
3507 2049 8
3508 2052 8
3509 2040 8
3510 2046 8
3511 2044 8
3512 2046 8
3513 2042 8
3514 2049 8
3515 2051 8
3516 2050 8
3517 2043 8
3518 2047 8
3519 2043 8
3520 2040 8
3521 2049 8
3522 2043 8
3523 2048 8
3524 2034 8
3525 2058 8
3526 2047 8
3527 2046 8
3528 2039 8
3529 2043 8
3530 2046 8
3531 2052 8
3532 2048 8
3533 2050 8
3534 2046 8
3535 2053 8
3536 2051 8
3537 2039 8
3538 2039 8
3539 2048 8
3540 2048 8
3541 2045 8
3542 2046 8
3543 2045 8
3544 2050 8
3545 2041 8
3546 2045 8
3547 2038 8
3548 2050 8
3549 2040 8
3550 2043 8
3551 2054 8
3552 2043 9
3553 2047 8
3554 2042 8
3555 2043 8
3556 2047 8
3557 2044 8
3558 2044 8
3559 2042 8
3560 2049 8
3561 2049 8
3562 2040 8
3563 2045 8
3564 2045 8
3565 2047 8
3566 2039 8
3567 2040 8
3568 2046 8
3569 2048 8
3570 2042 8
3571 2052 8
3572 2041 8
3573 2046 8
3574 2043 8
3575 2047 8
3576 2052 8
3577 2052 8
3578 2035 8
3579 2048 8
3580 2048 8
3581 2044 8
3582 2045 8
3583 2048 8
3584 2046 8
3585 2044 8
3586 2043 8
3587 2046 8
3588 2047 8
3589 2057 8
3590 2053 8
3591 2055 8
3592 2047 8
3593 2039 8
3594 2043 8
3595 2047 8
3596 2051 8
3597 2049 8
3598 2043 8
3599 2043 8
3600 2044 8
3601 2047 9
3602 2039 9
3603 2051 9
3604 2040 9
3605 2046 9
3606 2037 9
3607 2053 9
3608 2053 9
3609 2045 9
3610 2046 9
3611 2045 9
3612 2047 9
3613 2049 9
3614 2043 9
3615 2046 8
3616 2044 8
3617 2043 8
3618 2046 8
3619 2048 8
3620 2039 8
3621 2048 9
3622 2054 9
3623 2046 8
3624 2048 8
3625 2048 9
3626 2036 9
3627 2044 9
3628 2040 9
3629 2049 9
3630 2045 9
3631 2049 9
3632 2047 9
3633 2049 8
3634 2049 9
3635 2048 8
3636 2047 9
3637 2053 9
3638 2043 9
3639 2047 9
3640 2044 9
3641 2043 9
3642 2042 9
3643 2050 9
3644 2047 9
3645 2050 9
3646 2048 9
3647 2053 9
3648 2050 9
3649 2045 9
3650 2043 9
3651 2045 9
3652 2040 9
3653 2038 9
3654 2047 9
3655 2047 9
3656 2042 9
3657 2042 9
3658 2046 9
3659 2051 9
3660 2041 9
3661 2046 9
3662 2048 8
3663 2050 9
3664 2050 9
3665 2053 9
3666 2040 9
3667 2047 9
3668 2045 8
3669 2045 9
3670 2044 9
3671 2047 9
3672 2048 9
3673 2039 9
3674 2037 9
3675 2046 9
3676 2042 9
3677 2044 9
3678 2048 9
3679 2039 9
3680 2043 9
3681 2046 8
3682 2044 9
3683 2045 9
3684 2045 9
3685 2051 9
3686 2047 9
3687 2049 9
3688 2044 9
3689 2046 24
3690 2037 24
3691 2049 25
3692 2044 24
3693 2044 24
3694 2049 23
3695 2047 27
3696 2043 36
3697 2052 10
3698 2049 9
3699 2043 9
3700 2049 9
3701 2051 9
3702 2046 9
3703 2046 9
3704 2048 9
3705 2046 9
3706 2049 9
3707 2043 9
3708 2039 9
3709 2048 9
3710 2042 9
3711 2045 9
3712 2040 9
3713 2055 9
3714 2046 10
3715 2048 20
3716 2046 13
3717 2041 9
3718 2046 9
3719 2052 9
3720 2044 9
3721 2044 9
3722 2048 9
3723 2047 9
3724 2046 9
3725 2041 9
3726 2047 9
3727 2053 9
3728 2042 9
3729 2049 9
3730 2042 9
3731 2044 9
3732 2050 9
3733 2044 9
3734 2040 9
3735 2045 10
3736 2049 10
3737 2045 9
3738 2049 9
3739 2052 9
3740 2050 9
3741 2039 9
3742 2051 10
3743 2041 10
3744 2043 10
3745 2046 8
3746 2047 8
3747 2050 8
3748 2050 8
3749 2046 8
3750 2049 8
3751 2044 8
3752 2044 8
3753 2047 8
3754 2044 8
3755 2049 8
3756 2048 8
3757 2046 8
3758 2050 8
3759 2046 8
3760 2044 8
3761 2045 12
3762 2041 13
3763 2050 16
3764 2048 15
3765 2050 14
3766 2046 16
3767 2049 15
3768 2047 14
3769 2043 8
3770 2041 8
3771 2045 8
3772 2045 8
3773 2040 8
3774 2039 8
3775 2044 8
3776 2050 8
3777 2049 8
3778 2045 8
3779 2042 8
3780 2046 8
3781 2048 8
3782 2052 8
3783 2043 8
3784 2049 8
3785 2040 8
3786 2052 8
3787 2040 8
3788 2043 8
3789 2050 8
3790 2046 8
3791 2042 8
3792 2048 8
3793 2045 9
3794 2047 8
3795 2043 8
3796 2039 8
3797 2052 8
3798 2049 8
3799 2040 8
3800 2046 8
3801 2038 8
3802 2040 8
3803 2045 8
3804 2047 8
3805 2049 8
3806 2044 8
3807 2048 8
3808 2040 8
3809 2041 8
3810 2047 8
3811 2043 8
3812 2044 8
3813 2036 8
3814 2050 8
3815 2053 8
3816 2055 9
3817 2050 8
3818 2044 8
3819 2046 8
3820 2046 8
3821 2046 8
3822 2049 8
3823 2045 8
3824 2039 8
3825 2052 8
3826 2042 8
3827 2046 8
3828 2052 8
3829 2049 8
3830 2046 8
3831 2052 8
3832 2049 8
3833 2049 8
3834 2042 9
3835 2047 8
3836 2046 8
3837 2043 8
3838 2047 8
3839 2053 9
3840 2051 9
3841 2044 8
3842 2048 8
3843 2042 8
3844 2043 8
3845 2047 8
3846 2039 8
3847 2050 8
3848 2047 8
3849 2044 8
3850 2050 8
3851 2043 8
3852 2042 8
3853 2047 8
3854 2042 8
3855 2044 8
3856 2044 8
3857 2039 8
3858 2040 8
3859 2047 8
3860 2054 8
3861 2042 8
3862 2039 8
3863 2049 8
3864 2040 8
3865 2049 8
3866 2043 8
3867 2054 8
3868 2049 8
3869 2047 8
3870 2052 8
3871 2049 8
3872 2044 8
3873 2051 8
3874 2046 8
3875 2039 8
3876 2045 8
3877 2042 8
3878 2049 8
3879 2044 8
3880 2051 8
3881 2038 8
3882 2051 8
3883 2046 8
3884 2045 8
3885 2046 8
3886 2050 8
3887 2046 8
3888 2044 9
3889 2046 8
3890 2040 8
3891 2041 8
3892 2047 8
3893 2043 8
3894 2047 8
3895 2043 8
3896 2042 8
3897 2052 8
3898 2038 8
3899 2046 8
3900 2038 8
3901 2040 8
3902 2040 8
3903 2044 8
3904 2049 8
3905 2048 8
3906 2048 8
3907 2042 8
3908 2050 8
3909 2048 8
3910 2049 8
3911 2039 8
3912 2039 8
3913 2045 8
3914 2048 8
3915 2050 8
3916 2039 8
3917 2041 8
3918 2045 8
3919 2047 8
3920 2043 8
3921 2038 8
3922 2040 8
3923 2039 8
3924 2046 8
3925 2048 8
3926 2047 8
3927 2053 8
3928 2049 8
3929 2046 8
3930 2035 8
3931 2049 8
3932 2050 8
3933 2041 8
3934 2054 8
3935 2042 8
3936 2045 9
3937 2034 4
3938 2050 4
3939 2045 4
3940 2037 3
3941 2046 4
3942 2054 4
3943 2046 4
3944 2046 4
3945 2053 3
3946 2043 2
3947 2038 2
3948 2044 3
3949 2046 2
3950 2046 2
3951 2044 3
3952 2043 2
3953 2053 4
3954 2043 4
3955 2042 4
3956 2039 4
3957 2042 4
3958 2044 4
3959 2041 4
3960 2049 4
3961 2048 4
3962 2048 4
3963 2047 3
3964 2044 4
3965 2045 4
3966 2049 4
3967 2047 4
3968 2049 4
3969 2043 3
3970 2050 4
3971 2048 3
3972 2047 3
3973 2045 4
3974 2044 3
3975 2048 4
3976 2039 4
3977 2050 4
3978 2049 4
3979 2041 4
3980 2048 4
3981 2041 4
3982 2042 4
3983 2050 4
3984 2051 4
3985 2054 9
3986 2040 9
3987 2045 7
3988 2041 8
3989 2044 8
3990 2043 8
3991 2048 8
3992 2047 8
3993 2051 8
3994 2042 8
3995 2049 8
3996 2045 8
3997 2038 8
3998 2043 8
3999 2048 8
4000 2052 8
4001 2035 9
4002 2044 9
4003 2052 8
4004 2047 8
4005 2042 8
4006 2053 8
4007 2045 8
4008 2043 8
4009 2047 8
4010 2048 8
4011 2052 9
4012 2042 8
4013 2049 9
4014 2048 9
4015 2045 8
4016 2045 8
4017 2046 9
4018 2039 9
4019 2043 8
4020 2045 9
4021 2038 9
4022 2055 9
4023 2044 8
4024 2049 9
4025 2049 9
4026 2045 9
4027 2042 10
4028 2048 8
4029 2046 9
4030 2045 9
4031 2049 9
4032 2047 9
4033 2049 8
4034 2044 8
4035 2045 8
4036 2047 8
4037 2046 8
4038 2047 8
4039 2053 8
4040 2054 8
4041 2046 8
4042 2051 8
4043 2051 8
4044 2043 8
4045 2053 8
4046 2042 8
4047 2040 8
4048 2055 4
4049 2046 8
4050 2051 8
4051 2051 8
4052 2043 8
4053 2050 8
4054 2043 8
4055 2054 8
4056 2044 8
4057 2053 8
4058 2039 8
4059 2038 9
4060 2040 8
4061 2051 8
4062 2047 8
4063 2046 9
4064 2048 8
4065 2045 8
4066 2049 8
4067 2043 8
4068 2048 8
4069 2043 8
4070 2044 8
4071 2043 8
4072 2046 8
4073 2052 8
4074 2041 8
4075 2045 9
4076 2043 8
4077 2047 8
4078 2043 9
4079 2047 8
4080 2051 8
4081 2039 9
4082 2049 8
4083 2045 8
4084 2048 8
4085 2046 9
4086 2047 8
4087 2051 8
4088 2046 8
4089 2044 9
4090 2048 9
4091 2047 8
4092 2043 9
4093 2039 9
4094 2043 8
4095 2044 9
4096 2049 9
4097 2038 9
4098 2043 8
4099 2053 8
4100 2044 10
4101 2047 8
4102 2045 8
4103 2046 8
4104 2043 9
4105 2046 8
4106 2039 8
4107 2044 8
4108 2048 8
4109 2045 8
4110 2050 8
4111 2052 8
4112 2047 8
4113 2045 9
4114 2047 9
4115 2042 9
4116 2047 9
4117 2049 9
4118 2044 9
4119 2048 9
4120 2043 9
4121 2049 9
4122 2045 8
4123 2050 9
4124 2050 9
4125 2042 9
4126 2039 9
4127 2051 9
4128 2048 9
4129 2047 11
4130 2046 11
4131 2046 11
4132 2046 11
4133 2039 11
4134 2049 11
4135 2048 11
4136 2045 11
4137 2044 8
4138 2045 8
4139 2044 8
4140 2042 8
4141 2042 8
4142 2049 8
4143 2049 8
4144 2045 8
4145 2043 8
4146 2042 8
4147 2044 8
4148 2046 8
4149 2048 8
4150 2048 8
4151 2046 8
4152 2047 8
4153 2037 8
4154 2054 8
4155 2046 8
4156 2050 8
4157 2043 8
4158 2049 8
4159 2044 8
4160 2043 8
4161 2049 8
4162 2041 8
4163 2046 8
4164 2048 8
4165 2045 9
4166 2054 8
4167 2047 8
4168 2046 8
4169 2049 8
4170 2047 8
4171 2051 8
4172 2039 8
4173 2042 8
4174 2048 8
4175 2045 8
4176 2047 8
4177 2040 8
4178 2050 8
4179 2051 8
4180 2050 8
4181 2044 8
4182 2049 8
4183 2045 8
4184 2056 8
4185 2051 8
4186 2047 8
4187 2047 8
4188 2052 8
4189 2047 8
4190 2044 8
4191 2051 8
4192 2043 8
4193 2046 8
4194 2044 8
4195 2044 8
4196 2048 8
4197 2049 8
4198 2043 8
4199 2047 8
4200 2041 8
4201 2051 8
4202 2043 8
4203 2055 8
4204 2049 8
4205 2043 8
4206 2041 8
4207 2039 8
4208 2044 4
4209 2046 8
4210 2049 8
4211 2048 8
4212 2044 8
4213 2047 8
4214 2043 8
4215 2051 8
4216 2044 8
4217 2041 8
4218 2046 8
4219 2051 8
4220 2047 8
4221 2051 8
4222 2042 7
4223 2046 8
4224 2048 8
4225 2040 8
4226 2035 7
4227 2047 7
4228 2052 7
4229 2049 7
4230 2045 7
4231 2047 7
4232 2044 7
4233 2048 7
4234 2050 7
4235 2044 7
4236 2044 7
4237 2041 7
4238 2042 7
4239 2050 7
4240 2049 7
4241 2044 7
4242 2042 7
4243 2039 7
4244 2046 7
4245 2040 7
4246 2049 7
4247 2037 7
4248 2045 7
4249 2047 7
4250 2045 7
4251 2043 7
4252 2049 7
4253 2043 7
4254 2047 7
4255 2050 7
4256 2050 7
4257 2046 7
4258 2050 7
4259 2048 7
4260 2043 7
4261 2041 7
4262 2042 7
4263 2043 7
4264 2047 7
4265 2043 7
4266 2055 7
4267 2044 7
4268 2044 7
4269 2045 7
4270 2049 7
4271 2045 7
4272 2039 8
4273 2042 8
4274 2045 8
4275 2052 7
4276 2053 7
4277 2042 7
4278 2041 7
4279 2053 7
4280 2041 7
4281 2038 7
4282 2041 7
4283 2045 7
4284 2051 7
4285 2042 7
4286 2046 7
4287 2048 7
4288 2039 7
4289 2048 7
4290 2045 7
4291 2046 7
4292 2048 7
4293 2047 7
4294 2039 7
4295 2046 7
4296 2045 7
4297 2046 7
4298 2052 7
4299 2047 7
4300 2051 7
4301 2041 7
4302 2045 7
4303 2053 7
4304 2045 7
4305 2051 7
4306 2054 7
4307 2046 7
4308 2035 7
4309 2040 7
4310 2050 7
4311 2056 7
4312 2037 7
4313 2043 7
4314 2045 7
4315 2043 7
4316 2046 7
4317 2056 7
4318 2048 7
4319 2052 7
4320 2043 8
4321 2053 7
4322 2046 7
4323 2046 6
4324 2051 6
4325 2035 6
4326 2040 7
4327 2044 7
4328 2043 6
4329 2047 7
4330 2043 6
4331 2044 6
4332 2041 6
4333 2049 6
4334 2042 6
4335 2058 7
4336 2052 6
4337 2048 6
4338 2046 6
4339 2042 6
4340 2044 6
4341 2039 6
4342 2040 6
4343 2051 6
4344 2049 6
4345 2041 6
4346 2044 6
4347 2038 6
4348 2048 6
4349 2051 6
4350 2045 6
4351 2052 6
4352 2048 6
4353 2045 6
4354 2042 6
4355 2041 6
4356 2047 6
4357 2045 6
4358 2045 6
4359 2042 6
4360 2048 6
4361 2051 6
4362 2038 6
4363 2044 6
4364 2043 6
4365 2047 6
4366 2043 6
4367 2052 6
4368 2041 6
4369 2050 7
4370 2042 6
4371 2050 6
4372 2050 6
4373 2045 6
4374 2045 6
4375 2048 6
4376 2047 6
4377 2045 6
4378 2037 6
4379 2041 6
4380 2051 7
4381 2043 6
4382 2049 6
4383 2041 6
4384 2040 6
4385 2046 6
4386 2043 6
4387 2040 6
4388 2043 6
4389 2058 6
4390 2042 6
4391 2039 6
4392 2046 6
4393 2046 6
4394 2043 6
4395 2046 6
4396 2046 6
4397 2039 6
4398 2044 6
4399 2051 6
4400 2048 6
4401 2050 6
4402 2047 6
4403 2045 6
4404 2044 6
4405 2038 6
4406 2044 6
4407 2044 6
4408 2047 6
4409 2047 6
4410 2047 6
4411 2046 6
4412 2046 6
4413 2047 6
4414 2045 6
4415 2043 6
4416 2048 6
4417 2038 3
4418 2039 2
4419 2045 3
4420 2050 3
4421 2048 2
4422 2041 2
4423 2053 3
4424 2045 2
4425 2048 6
4426 2045 6
4427 2053 6
4428 2042 6
4429 2050 6
4430 2046 6
4431 2049 6
4432 2040 6
4433 2042 6
4434 2047 6
4435 2046 6
4436 2047 6
4437 2051 6
4438 2042 6
4439 2047 6
4440 2046 6
4441 2043 6
4442 2045 5
4443 2045 6
4444 2048 6
4445 2039 6
4446 2044 6
4447 2048 6
4448 2046 6
4449 2049 6
4450 2043 6
4451 2051 6
4452 2045 6
4453 2049 6
4454 2038 6
4455 2046 6
4456 2042 6
4457 2045 6
4458 2039 6
4459 2047 6
4460 2046 6
4461 2042 6
4462 2049 6
4463 2044 5
4464 2045 6
4465 2042 6
4466 2053 6
4467 2042 6
4468 2046 6
4469 2048 6
4470 2044 6
4471 2047 6
4472 2044 5
4473 2050 6
4474 2047 6
4475 2045 6
4476 2049 6
4477 2041 6
4478 2051 6
4479 2044 6
4480 2046 6
4481 2046 6
4482 2051 6
4483 2049 6
4484 2045 6
4485 2047 6
4486 2045 6
4487 2042 6
4488 2051 6
4489 2045 6
4490 2043 6
4491 2042 6
4492 2052 6
4493 2044 6
4494 2045 6
4495 2046 6
4496 2047 6
4497 2046 2
4498 2040 2
4499 2047 2
4500 2043 2
4501 2046 2
4502 2042 2
4503 2046 2
4504 2048 2
4505 2044 2
4506 2048 2
4507 2047 2
4508 2046 2
4509 2047 2
4510 2049 2
4511 2041 2
4512 2047 2
4513 2049 5
4514 2045 5
4515 2047 5
4516 2044 5
4517 2046 5
4518 2053 5
4519 2047 5
4520 2049 5
4521 2048 5
4522 2048 5
4523 2051 5
4524 2050 5
4525 2051 5
4526 2043 5
4527 2047 5
4528 2043 5
4529 2047 5
4530 2046 5
4531 2043 5
4532 2040 5
4533 2049 5
4534 2044 5
4535 2044 5
4536 2038 5
4537 2041 5
4538 2046 6
4539 2046 5
4540 2047 5
4541 2043 5
4542 2049 5
4543 2055 5
4544 2052 5
4545 2046 5
4546 2042 5
4547 2044 5
4548 2046 5
4549 2043 5
4550 2035 5
4551 2046 5
4552 2044 5
4553 2045 5
4554 2043 5
4555 2049 5
4556 2044 5
4557 2044 5
4558 2041 5
4559 2050 5
4560 2047 5
4561 2045 6
4562 2044 5
4563 2047 5
4564 2041 5
4565 2040 5
4566 2046 5
4567 2045 5
4568 2044 5
4569 2040 5
4570 2045 5
4571 2044 5
4572 2050 5
4573 2043 5
4574 2045 5
4575 2052 5
4576 2048 5
4577 2047 5
4578 2050 5
4579 2051 5
4580 2051 5
4581 2044 5
4582 2045 5
4583 2040 5
4584 2038 5
4585 2045 5
4586 2048 5
4587 2044 5
4588 2043 5
4589 2045 5
4590 2053 5
4591 2047 5
4592 2045 5
4593 2046 5
4594 2042 5
4595 2052 5
4596 2047 5
4597 2044 5
4598 2037 5
4599 2044 5
4600 2050 5
4601 2045 5
4602 2044 4
4603 2048 5
4604 2044 5
4605 2049 5
4606 2042 4
4607 2044 5
4608 2045 5
4609 2043 5
4610 2047 4
4611 2044 4
4612 2046 4
4613 2045 4
4614 2046 4
4615 2049 4
4616 2053 4
4617 2041 5
4618 2046 5
4619 2041 5
4620 2050 5
4621 2041 5
4622 2049 5
4623 2046 5
4624 2045 5
4625 2044 5
4626 2045 4
4627 2046 5
4628 2045 4
4629 2046 5
4630 2047 5
4631 2046 5
4632 2049 5
4633 2046 4
4634 2040 5
4635 2050 5
4636 2042 5
4637 2049 5
4638 2047 5
4639 2052 5
4640 2051 5
4641 2049 5
4642 2045 4
4643 2049 5
4644 2048 5
4645 2045 4
4646 2043 5
4647 2046 5
4648 2044 5
4649 2046 5
4650 2042 5
4651 2045 4
4652 2049 5
4653 2043 5
4654 2048 5
4655 2041 5
4656 2043 4
4657 2046 5
4658 2040 5
4659 2041 4
4660 2046 4
4661 2040 4
4662 2047 4
4663 2044 4
4664 2040 4
4665 2044 4
4666 2043 4
4667 2043 4
4668 2045 4
4669 2044 4
4670 2045 4
4671 2054 4
4672 2044 4
4673 2055 5
4674 2047 5
4675 2044 5
4676 2043 5
4677 2050 5
4678 2052 5
4679 2043 5
4680 2050 5
4681 2041 4
4682 2045 4
4683 2045 4
4684 2053 4
4685 2048 4
4686 2041 4
4687 2043 4
4688 2050 4
4689 2035 4
4690 2049 4
4691 2042 5
4692 2051 4
4693 2048 4
4694 2042 4
4695 2043 4
4696 2052 4
4697 2046 4
4698 2044 4
4699 2043 4
4700 2047 4
4701 2041 4
4702 2044 4
4703 2043 4
4704 2052 4
4705 2042 4
4706 2051 4
4707 2044 4
4708 2046 4
4709 2048 4
4710 2050 4
4711 2043 4
4712 2045 4
4713 2047 4
4714 2040 4
4715 2042 4
4716 2047 4
4717 2040 4
4718 2048 4
4719 2049 4
4720 2041 4
4721 2049 4
4722 2057 5
4723 2045 4
4724 2041 4
4725 2048 4
4726 2044 4
4727 2046 5
4728 2044 5
4729 2043 4
4730 2036 4
4731 2044 4
4732 2043 4
4733 2039 4
4734 2048 4
4735 2040 4
4736 2046 4
4737 2048 4
4738 2042 4
4739 2052 4
4740 2051 4
4741 2044 4
4742 2041 4
4743 2042 4
4744 2045 4
4745 2045 4
4746 2037 4
4747 2047 4
4748 2045 4
4749 2048 4
4750 2043 4
4751 2047 4
4752 2049 4
4753 2044 4
4754 2047 5
4755 2037 4
4756 2043 5
4757 2045 4
4758 2047 4
4759 2046 4
4760 2045 4
4761 2045 4
4762 2046 4
4763 2035 4
4764 2045 4
4765 2049 4
4766 2051 4
4767 2044 4
4768 2047 4
4769 2048 6
4770 2046 6
4771 2044 6
4772 2045 6
4773 2046 6
4774 2046 6
4775 2043 6
4776 2046 6
4777 2045 4
4778 2045 4
4779 2046 4
4780 2052 4
4781 2045 4
4782 2045 4
4783 2043 4
4784 2054 4
4785 2046 4
4786 2046 4
4787 2042 4
4788 2046 4
4789 2047 4
4790 2045 7
4791 2045 4
4792 2051 4
4793 2047 4
4794 2045 4
4795 2050 4
4796 2048 4
4797 2049 4
4798 2050 4
4799 2047 4
4800 2050 4
4801 477 6
4802 483 6
4803 479 6
4804 476 6
4805 480 6
4806 483 6
4807 480 6
4808 478 6
4809 472 6
4810 478 6
4811 472 6
4812 475 6
4813 471 6
4814 469 6
4815 471 6
4816 464 6
4817 486 6
4818 475 9
4819 479 46
4820 477 3
4821 472 4
4822 479 9
4823 480 6
4824 472 6
4825 473 6
4826 476 6
4827 478 6
4828 480 6
4829 473 6
4830 484 6
4831 472 6
4832 485 6
4833 475 6
4834 475 6
4835 472 6
4836 473 6
4837 467 9
4838 472 29
4839 472 2
4840 473 30
4841 474 8
4842 468 6
4843 467 6
4844 476 6
4845 472 6
4846 470 6
4847 469 6
4848 481 6
4849 474 6
4850 476 6
4851 470 6
4852 466 6
4853 472 6
4854 475 6
4855 471 7
4856 462 6
4857 472 6
4858 470 6
4859 466 6
4860 475 6
4861 463 7
4862 467 6
4863 463 6
4864 474 6
4865 480 6
4866 480 6
4867 485 6
4868 476 6
4869 476 6
4870 479 6
4871 466 6
4872 480 116
4873 478 6
4874 478 6
4875 474 6
4876 478 6
4877 473 6
4878 467 6
4879 477 6
4880 473 6
4881 465 6
4882 472 6
4883 475 2
4884 469 6
4885 474 2
4886 474 6
4887 477 6
4888 470 6
4889 478 6
4890 478 7
4891 480 6
4892 479 6
4893 482 6
4894 482 6
4895 478 6
4896 482 6
4897 474 6
4898 471 6
4899 463 7
4900 474 6
4901 472 6
4902 466 6
4903 470 6
4904 473 6
4905 470 6
4906 468 6
4907 474 6
4908 473 6
4909 471 6
4910 472 6
4911 470 6
4912 473 6
4913 480 6
4914 474 6
4915 465 6
4916 466 6
4917 472 6
4918 472 6
4919 466 6
4920 473 6
4921 469 6
4922 465 6
4923 468 6
4924 474 6
4925 464 6
4926 464 6
4927 472 7
4928 456 6
4929 476 6
4930 474 6
4931 473 6
4932 471 6
4933 476 6
4934 470 6
4935 472 6
4936 469 6
4937 471 6
4938 477 6
4939 470 6
4940 467 6
4941 467 6
4942 475 6
4943 471 6
4944 470 6
4945 472 6
4946 476 6
4947 472 6
4948 464 6
4949 471 6
4950 474 6
4951 471 6
4952 478 6
4953 477 6
4954 475 6
4955 474 6
4956 470 6
4957 479 6
4958 473 6
4959 467 7
4960 474 6
4961 471 6
4962 476 6
4963 473 6
4964 477 6
4965 475 6
4966 474 6
4967 463 6
4968 472 6
4969 476 6
4970 477 6
4971 472 6
4972 466 6
4973 473 6
4974 476 6
4975 475 6
4976 479 6
4977 476 2
4978 466 3
4979 473 3
4980 471 2
4981 471 3
4982 461 2
4983 463 3
4984 478 2
4985 471 2
4986 479 2
4987 480 3
4988 476 3
4989 474 2
4990 479 2
4991 476 2
4992 470 3
4993 482 6
4994 479 6
4995 482 6
4996 485 6
4997 482 6
4998 481 6
4999 470 6
5000 479 6
5001 483 6
5002 471 6
5003 473 6
5004 477 6
5005 477 6
5006 468 6
5007 473 6
5008 477 6
5009 490 6
5010 479 6
5011 478 6
5012 475 6
5013 478 6
5014 476 6
5015 471 6
5016 485 6
5017 477 6
5018 479 6
5019 475 6
5020 480 6
5021 476 6
5022 479 6
5023 472 6
5024 475 6
5025 478 6
5026 485 6
5027 468 6
5028 466 6
5029 469 6
5030 479 6
5031 486 6
5032 479 6
5033 479 6
5034 476 6
5035 479 6
5036 476 6
5037 472 6
5038 477 6
5039 490 6
5040 478 6
5041 476 6
5042 489 6
5043 478 6
5044 481 6
5045 473 6
5046 470 6
5047 469 6
5048 481 6
5049 478 6
5050 484 6
5051 470 6
5052 470 6
5053 474 6
5054 476 6
5055 484 6
5056 477 6
5057 462 6
5058 467 6
5059 469 6
5060 471 6
5061 466 6
5062 456 6
5063 463 6
5064 465 6
5065 467 6
5066 465 6
5067 467 6
5068 453 6
5069 464 6
5070 469 6
5071 457 6
5072 465 6
5073 469 6
5074 458 6
5075 469 6
5076 471 6
5077 455 6
5078 463 6
5079 470 6
5080 462 6
5081 469 6
5082 469 6
5083 471 6
5084 468 6
5085 469 6
5086 477 6
5087 469 6
5088 476 6
5089 472 6
5090 478 6
5091 478 6
5092 486 6
5093 475 6
5094 478 6
5095 478 6
5096 484 6
5097 486 6
5098 469 6
5099 479 6
5100 479 6
5101 482 6
5102 476 6
5103 473 6
5104 471 6
5105 475 3
5106 473 3
5107 476 2
5108 479 2
5109 481 3
5110 482 3
5111 473 2
5112 482 2
5113 474 3
5114 480 2
5115 483 2
5116 477 3
5117 471 3
5118 472 2
5119 472 2
5120 477 2
5121 468 6
5122 473 6
5123 470 6
5124 474 6
5125 479 6
5126 483 6
5127 477 6
5128 476 6
5129 480 6
5130 480 6
5131 472 6
5132 478 6
5133 466 6
5134 475 6
5135 477 6
5136 472 6
5137 469 6
5138 467 6
5139 464 6
5140 463 6
5141 469 6
5142 463 6
5143 472 6
5144 464 6
5145 466 6
5146 475 6
5147 478 6
5148 469 6
5149 475 6
5150 477 6
5151 471 6
5152 474 6
5153 461 6
5154 463 6
5155 464 6
5156 469 6
5157 460 6
5158 469 6
5159 470 6
5160 473 6
5161 471 6
5162 454 6
5163 465 6
5164 463 6
5165 455 6
5166 460 6
5167 454 6
5168 458 6
5169 461 6
5170 467 6
5171 468 6
5172 463 6
5173 464 6
5174 462 6
5175 466 6
5176 466 6
5177 462 6
5178 463 6
5179 468 7
5180 468 6
5181 461 6
5182 465 6
5183 464 6
5184 473 7
5185 474 6
5186 473 6
5187 478 6
5188 475 6
5189 470 6
5190 468 6
5191 469 6
5192 472 6
5193 471 6
5194 463 6
5195 467 6
5196 469 6
5197 477 6
5198 463 6
5199 475 6
5200 471 6
5201 468 3
5202 476 3
5203 481 3
5204 473 3
5205 475 3
5206 474 3
5207 468 2
5208 469 3
5209 468 3
5210 474 2
5211 467 2
5212 474 2
5213 478 2
5214 478 2
5215 473 2
5216 468 2
5217 477 6
5218 469 6
5219 480 6
5220 479 6
5221 478 6
5222 476 6
5223 476 6
5224 482 6
5225 476 6
5226 473 6
5227 466 6
5228 471 6
5229 475 6
5230 476 6
5231 483 6
5232 475 6
5233 484 3
5234 484 3
5235 483 3
5236 472 2
5237 482 2
5238 489 3
5239 485 3
5240 477 3
5241 482 3
5242 475 3
5243 470 3
5244 481 3
5245 476 3
5246 477 4
5247 482 3
5248 481 6
5249 469 6
5250 474 6
5251 474 6
5252 482 6
5253 470 6
5254 470 6
5255 474 6
5256 472 6
5257 463 6
5258 469 6
5259 473 6
5260 468 6
5261 462 6
5262 462 6
5263 463 6
5264 471 6
5265 475 6
5266 472 6
5267 465 6
5268 468 6
5269 472 6
5270 475 6
5271 471 6
5272 473 6
5273 466 6
5274 473 6
5275 471 6
5276 477 6
5277 474 6
5278 472 6
5279 472 6
5280 472 6
5281 472 6
5282 472 6
5283 469 6
5284 488 6
5285 479 6
5286 478 6
5287 473 6
5288 477 6
5289 473 6
5290 481 6
5291 477 6
5292 470 6
5293 476 6
5294 478 6
5295 481 6
5296 477 6
5297 469 6
5298 475 6
5299 476 6
5300 481 6
5301 466 6
5302 472 6
5303 469 6
5304 469 6
5305 472 6
5306 471 6
5307 459 6
5308 473 6
5309 472 6
5310 461 6
5311 465 6
5312 468 6
5313 482 6
5314 487 6
5315 488 6
5316 491 6
5317 479 6
5318 483 6
5319 491 6
5320 489 6
5321 488 6
5322 497 6
5323 478 6
5324 489 6
5325 483 6
5326 484 6
5327 480 6
5328 495 41
5329 492 44
5330 480 6
5331 483 6
5332 486 6
5333 491 6
5334 490 6
5335 487 6
5336 483 6
5337 486 6
5338 480 6
5339 480 6
5340 469 6
5341 480 6
5342 480 7
5343 477 6
5344 480 6
5345 474 6
5346 473 6
5347 473 6
5348 470 6
5349 466 6
5350 472 6
5351 474 6
5352 466 6
5353 479 6
5354 477 6
5355 482 6
5356 479 6
5357 483 6
5358 475 6
5359 477 6
5360 475 6
5361 477 6
5362 474 6
5363 473 6
5364 470 6
5365 474 6
5366 480 6
5367 481 6
5368 479 6
5369 473 6
5370 475 6
5371 479 6
5372 484 6
5373 465 6
5374 472 6
5375 479 6
5376 469 6
5377 478 6
5378 472 6
5379 480 6
5380 470 6
5381 476 6
5382 479 6
5383 473 6
5384 467 6
5385 476 6
5386 483 6
5387 471 6
5388 485 6
5389 465 6
5390 477 6
5391 470 6
5392 461 6
5393 473 6
5394 476 6
5395 471 6
5396 466 6
5397 470 6
5398 470 6
5399 472 6
5400 466 6
5401 467 6
5402 471 6
5403 474 6
5404 476 6
5405 465 6
5406 469 6
5407 468 6
5408 468 6
5409 472 6
5410 475 6
5411 475 6
5412 473 6
5413 477 6
5414 471 6
5415 475 6
5416 471 6
5417 462 6
5418 469 6
5419 474 6
5420 476 6
5421 474 6
5422 474 6
5423 471 6
5424 479 6
5425 477 6
5426 479 6
5427 477 6
5428 482 6
5429 479 6
5430 480 6
5431 470 6
5432 478 6
5433 473 6
5434 473 6
5435 470 6
5436 477 6
5437 467 6
5438 477 6
5439 478 6
5440 475 6
5441 477 6
5442 467 6
5443 461 6
5444 469 6
5445 465 6
5446 458 6
5447 462 6
5448 462 6
5449 471 6
5450 471 6
5451 468 6
5452 475 6
5453 470 7
5454 468 6
5455 478 6
5456 472 6
5457 460 6
5458 459 6
5459 470 6
5460 457 6
5461 454 6
5462 460 6
5463 466 6
5464 462 6
5465 463 6
5466 467 6
5467 465 6
5468 469 6
5469 465 6
5470 471 6
5471 461 6
5472 467 6
5473 481 6
5474 475 6
5475 476 6
5476 478 6
5477 475 6
5478 480 6
5479 475 6
5480 478 6
5481 479 6
5482 485 6
5483 480 6
5484 482 6
5485 471 6
5486 481 6
5487 468 6
5488 477 6
5489 473 6
5490 474 6
5491 478 6
5492 467 6
5493 465 6
5494 467 6
5495 464 6
5496 473 6
5497 481 6
5498 473 6
5499 474 6
5500 477 6
5501 470 6
5502 467 6
5503 467 6
5504 468 6
5505 487 6
5506 473 6
5507 488 6
5508 482 6
5509 483 6
5510 481 6
5511 481 6
5512 477 6
5513 481 6
5514 483 6
5515 477 6
5516 478 6
5517 484 6
5518 486 6
5519 481 6
5520 478 6
5521 474 6
5522 475 6
5523 482 6
5524 478 6
5525 482 7
5526 471 6
5527 479 6
5528 473 6
5529 477 6
5530 480 6
5531 478 6
5532 482 6
5533 478 6
5534 486 6
5535 481 6
5536 484 6
5537 477 6
5538 474 6
5539 465 6
5540 467 6
5541 462 6
5542 477 6
5543 464 6
5544 475 6
5545 466 6
5546 455 6
5547 460 6
5548 468 6
5549 459 6
5550 454 6
5551 461 6
5552 465 6
5553 457 6
5554 471 6
5555 475 2
5556 468 6
5557 460 2
5558 469 6
5559 465 6
5560 467 6
5561 478 6
5562 471 6
5563 476 6
5564 472 6
5565 470 6
5566 471 6
5567 468 6
5568 470 6
5569 473 6
5570 462 6
5571 458 6
5572 472 7
5573 471 6
5574 467 6
5575 462 6
5576 467 7
5577 467 6
5578 469 6
5579 474 6
5580 470 6
5581 479 6
5582 469 7
5583 474 6
5584 473 6
5585 469 6
5586 481 6
5587 475 6
5588 473 6
5589 471 6
5590 482 6
5591 475 9
5592 478 6
5593 465 6
5594 467 6
5595 463 6
5596 468 6
5597 466 6
5598 462 6
5599 459 6
5600 473 6
5601 478 6
5602 476 6
5603 479 6
5604 469 6
5605 479 6
5606 477 6
5607 475 6
5608 475 6
5609 469 6
5610 471 6
5611 469 6
5612 474 6
5613 473 6
5614 467 6
5615 475 6
5616 474 6
5617 478 2
5618 473 3
5619 473 3
5620 475 2
5621 479 2
5622 465 3
5623 473 3
5624 473 2
5625 481 2
5626 477 2
5627 474 2
5628 476 2
5629 475 3
5630 471 3
5631 479 2
5632 472 2
5633 475 6
5634 473 6
5635 481 6
5636 467 6
5637 478 6
5638 474 6
5639 481 6
5640 477 6
5641 471 6
5642 479 6
5643 467 6
5644 471 6
5645 476 6
5646 476 6
5647 475 6
5648 462 6
5649 471 6
5650 477 6
5651 484 6
5652 489 6
5653 472 6
5654 474 6
5655 482 6
5656 479 6
5657 480 6
5658 481 6
5659 475 6
5660 486 6
5661 481 6
5662 477 6
5663 471 6
5664 480 6
5665 473 6
5666 475 6
5667 477 6
5668 477 6
5669 478 6
5670 471 6
5671 468 6
5672 472 6
5673 471 6
5674 475 6
5675 470 6
5676 477 6
5677 474 6
5678 473 6
5679 478 6
5680 484 6
5681 480 6
5682 481 6
5683 479 6
5684 476 6
5685 472 6
5686 478 6
5687 464 6
5688 483 6
5689 473 6
5690 477 6
5691 470 6
5692 471 6
5693 463 6
5694 478 6
5695 466 6
5696 468 6
5697 473 6
5698 472 6
5699 482 6
5700 467 6
5701 482 6
5702 472 6
5703 478 6
5704 479 6
5705 472 6
5706 467 6
5707 486 6
5708 482 6
5709 486 6
5710 474 6
5711 466 6
5712 469 6
5713 482 6
5714 478 6
5715 468 6
5716 480 6
5717 470 6
5718 477 6
5719 474 6
5720 473 6
5721 482 6
5722 481 6
5723 485 6
5724 482 6
5725 483 6
5726 482 6
5727 481 6
5728 483 6
5729 483 6
5730 479 6
5731 490 6
5732 483 6
5733 478 6
5734 484 6
5735 482 6
5736 480 6
5737 480 6
5738 478 6
5739 471 6
5740 478 6
5741 480 6
5742 471 6
5743 478 6
5744 472 6
5745 486 6
5746 482 6
5747 479 6
5748 487 6
5749 485 6
5750 485 6
5751 486 6
5752 490 6
5753 488 6
5754 472 6
5755 477 6
5756 479 6
5757 483 6
5758 482 6
5759 484 6
5760 487 6
5761 455 4
5762 461 3
5763 459 3
5764 467 2
5765 453 3
5766 456 2
5767 464 2
5768 459 2
5769 469 3
5770 472 2
5771 475 2
5772 463 3
5773 467 2
5774 468 6
5775 472 6
5776 470 6
5777 470 6
5778 463 6
5779 455 6
5780 467 6
5781 458 6
5782 466 6
5783 466 6
5784 460 6
5785 462 6
5786 473 5
5787 468 6
5788 457 6
5789 462 6
5790 468 6
5791 463 6
5792 454 6
5793 469 6
5794 473 6
5795 472 6
5796 475 6
5797 479 6
5798 471 6
5799 472 6
5800 478 6
5801 469 6
5802 475 6
5803 478 6
5804 478 6
5805 478 6
5806 467 6
5807 478 6
5808 470 6
5809 471 6
5810 474 6
5811 470 6
5812 472 6
5813 465 6
5814 472 6
5815 471 6
5816 463 6
5817 469 6
5818 478 6
5819 477 6
5820 478 6
5821 476 6
5822 466 6
5823 468 6
5824 475 6
5825 470 6
5826 471 6
5827 467 6
5828 462 6
5829 474 5
5830 468 6
5831 471 5
5832 469 6
5833 471 6
5834 479 6
5835 478 6
5836 468 6
5837 470 6
5838 471 6
5839 470 6
5840 475 6
5841 471 6
5842 477 6
5843 482 6
5844 481 6
5845 483 6
5846 481 6
5847 477 6
5848 477 6
5849 476 6
5850 475 6
5851 465 7
5852 477 6
5853 474 6
5854 473 6
5855 469 6
5856 473 6
5857 469 6
5858 460 6
5859 473 6
5860 464 6
5861 473 6
5862 470 6
5863 461 6
5864 460 6
5865 472 6
5866 459 6
5867 469 6
5868 478 6
5869 467 6
5870 466 6
5871 466 6
5872 459 6
5873 476 6
5874 481 6
5875 469 6
5876 470 6
5877 479 6
5878 475 6
5879 471 6
5880 466 6
5881 473 6
5882 465 6
5883 482 6
5884 472 6
5885 476 6
5886 474 6
5887 462 6
5888 478 6
5889 477 6
5890 476 6
5891 480 6
5892 467 6
5893 475 6
5894 481 6
5895 475 6
5896 473 6
5897 482 6
5898 475 6
5899 482 7
5900 486 6
5901 489 6
5902 484 6
5903 479 6
5904 486 6
5905 482 6
5906 485 6
5907 478 6
5908 467 6
5909 480 6
5910 482 6
5911 474 6
5912 482 6
5913 473 6
5914 471 6
5915 470 6
5916 479 6
5917 477 6
5918 474 6
5919 462 6
5920 473 6
5921 484 6
5922 475 6
5923 480 6
5924 475 6
5925 478 6
5926 472 6
5927 482 6
5928 475 6
5929 470 6
5930 470 6
5931 478 6
5932 477 6
5933 467 6
5934 467 6
5935 466 6
5936 478 6
5937 470 6
5938 472 6
5939 472 6
5940 468 6
5941 466 6
5942 469 6
5943 474 6
5944 470 6
5945 473 6
5946 475 6
5947 468 6
5948 477 6
5949 468 6
5950 480 6
5951 474 6
5952 473 6
5953 468 6
5954 469 6
5955 474 6
5956 468 6
5957 462 6
5958 469 6
5959 465 6
5960 474 6
5961 475 6
5962 482 6
5963 478 6
5964 483 6
5965 476 6
5966 486 6
5967 474 6
5968 478 6
5969 461 6
5970 462 6
5971 471 6
5972 464 6
5973 468 6
5974 467 6
5975 467 6
5976 469 6
5977 475 6
5978 470 6
5979 465 6
5980 478 6
5981 470 6
5982 469 7
5983 468 6
5984 481 6
5985 469 6
5986 483 6
5987 480 6
5988 487 6
5989 474 7
5990 470 6
5991 476 6
5992 472 6
5993 479 6
5994 483 6
5995 483 6
5996 475 6
5997 479 7
5998 478 6
5999 471 6
6000 468 6
6001 482 6
6002 487 6
6003 475 6
6004 477 6
6005 486 6
6006 482 6
6007 481 6
6008 469 6
6009 487 6
6010 484 6
6011 476 6
6012 483 6
6013 480 6
6014 478 6
6015 481 6
6016 489 6
6017 470 6
6018 471 6
6019 475 6
6020 469 6
6021 466 6
6022 477 6
6023 481 6
6024 471 6
6025 482 6
6026 483 6
6027 482 6
6028 470 6
6029 476 6
6030 479 6
6031 480 6
6032 475 6
6033 475 6
6034 485 6
6035 472 6
6036 478 6
6037 474 6
6038 468 6
6039 473 6
6040 474 6
6041 469 6
6042 485 6
6043 468 6
6044 481 6
6045 490 6
6046 472 6
6047 471 7
6048 477 14
6049 465 7
6050 474 6
6051 473 6
6052 476 6
6053 467 6
6054 474 6
6055 473 6
6056 471 6
6057 468 6
6058 471 6
6059 463 6
6060 467 6
6061 461 6
6062 461 6
6063 477 6
6064 468 6
6065 472 6
6066 465 6
6067 466 6
6068 475 6
6069 466 6
6070 475 6
6071 469 6
6072 469 6
6073 471 6
6074 472 6
6075 476 6
6076 472 6
6077 470 6
6078 474 6
6079 477 6
6080 480 6
6081 480 6
6082 478 6
6083 477 6
6084 478 6
6085 478 6
6086 485 8
6087 487 6
6088 488 6
6089 475 6
6090 472 6
6091 487 6
6092 473 6
6093 476 6
6094 479 6
6095 471 6
6096 469 7
6097 479 6
6098 482 6
6099 487 6
6100 472 6
6101 482 6
6102 478 6
6103 473 6
6104 475 6
6105 474 6
6106 479 6
6107 483 6
6108 478 6
6109 479 6
6110 479 6
6111 479 6
6112 474 6
6113 463 6
6114 462 6
6115 464 6
6116 465 6
6117 464 6
6118 464 6
6119 466 6
6120 466 6
6121 461 6
6122 465 6
6123 465 6
6124 467 6
6125 465 6
6126 459 6
6127 474 6
6128 466 6
6129 462 2
6130 474 3
6131 467 3
6132 470 3
6133 465 2
6134 470 3
6135 473 3
6136 468 3
6137 455 3
6138 472 3
6139 475 3
6140 470 2
6141 466 3
6142 469 2
6143 467 3
6144 464 2
6145 475 6
6146 473 6
6147 479 5
6148 476 5
6149 483 6
6150 482 6
6151 480 5
6152 488 6
6153 478 6
6154 480 6
6155 471 5
6156 477 5
6157 471 6
6158 472 7
6159 470 6
6160 471 6
6161 481 6
6162 485 6
6163 472 6
6164 483 6
6165 481 6
6166 472 6
6167 471 6
6168 479 6
6169 473 6
6170 475 6
6171 466 6
6172 461 6
6173 466 6
6174 475 6
6175 481 6
6176 474 6
6177 464 2
6178 464 2
6179 467 3
6180 471 3
6181 457 2
6182 474 2
6183 462 2
6184 469 3
6185 467 2
6186 462 3
6187 464 3
6188 470 2
6189 472 2
6190 473 3
6191 458 3
6192 468 3
6193 461 6
6194 457 6
6195 449 6
6196 465 6
6197 459 6
6198 456 6
6199 458 6
6200 463 6
6201 471 6
6202 468 6
6203 468 6
6204 467 6
6205 473 6
6206 464 6
6207 465 6
6208 470 6
6209 469 6
6210 475 6
6211 468 6
6212 481 6
6213 474 6
6214 474 6
6215 477 6
6216 472 6
6217 476 6
6218 474 6
6219 474 6
6220 482 6
6221 475 6
6222 469 6
6223 471 6
6224 467 6
6225 470 6
6226 474 6
6227 471 6
6228 474 6
6229 468 6
6230 465 6
6231 474 6
6232 465 6
6233 475 6
6234 479 6
6235 474 6
6236 480 6
6237 482 6
6238 483 6
6239 481 6
6240 480 6
6241 471 6
6242 475 6
6243 461 6
6244 471 6
6245 473 6
6246 462 6
6247 471 6
6248 472 6
6249 470 6
6250 461 6
6251 476 6
6252 474 6
6253 471 6
6254 472 6
6255 467 6
6256 471 6
6257 469 6
6258 470 6
6259 464 6
6260 462 6
6261 471 6
6262 471 6
6263 466 6
6264 473 6
6265 464 6
6266 463 6
6267 473 6
6268 470 6
6269 467 6
6270 475 6
6271 457 6
6272 473 6
6273 470 6
6274 479 6
6275 481 6
6276 481 6
6277 484 6
6278 474 6
6279 473 6
6280 481 6
6281 470 6
6282 468 6
6283 469 6
6284 473 7
6285 477 6
6286 481 6
6287 469 6
6288 467 6
6289 476 6
6290 474 6
6291 480 6
6292 472 6
6293 483 6
6294 478 6
6295 495 6
6296 479 6
6297 492 6
6298 478 6
6299 487 6
6300 480 6
6301 480 6
6302 485 6
6303 479 6
6304 475 6
6305 475 6
6306 472 6
6307 472 6
6308 470 6
6309 476 6
6310 697 6
6311 473 6
6312 474 6
6313 479 6
6314 483 6
6315 481 6
6316 491 6
6317 480 6
6318 490 6
6319 483 6
6320 485 6
6321 471 6
6322 483 6
6323 479 6
6324 482 6
6325 467 6
6326 476 6
6327 481 6
6328 479 6
6329 475 6
6330 479 6
6331 470 6
6332 481 6
6333 472 6
6334 472 6
6335 472 6
6336 478 7
6337 471 6
6338 471 6
6339 473 6
6340 466 7
6341 466 6
6342 466 6
6343 464 6
6344 463 6
6345 473 6
6346 467 6
6347 469 6
6348 470 6
6349 475 6
6350 465 6
6351 466 6
6352 473 6
6353 468 6
6354 475 6
6355 471 6
6356 476 6
6357 473 6
6358 475 6
6359 471 6
6360 484 6
6361 477 6
6362 480 6
6363 476 6
6364 475 6
6365 477 6
6366 476 6
6367 476 6
6368 477 6
6369 465 6
6370 469 6
6371 473 6
6372 470 6
6373 467 6
6374 467 6
6375 465 6
6376 462 6
6377 461 7
6378 466 6
6379 457 6
6380 457 6
6381 464 6
6382 462 7
6383 465 6
6384 473 6
6385 460 6
6386 457 6
6387 470 6
6388 467 6
6389 466 6
6390 458 6
6391 456 6
6392 466 6
6393 461 2
6394 467 6
6395 458 6
6396 473 6
6397 469 6
6398 465 6
6399 467 6
6400 455 6
6401 474 6
6402 467 6
6403 468 6
6404 461 7
6405 473 6
6406 467 6
6407 467 6
6408 473 6
6409 470 6
6410 470 6
6411 474 6
6412 473 6
6413 472 6
6414 473 6
6415 470 6
6416 476 6
6417 461 2
6418 461 3
6419 464 3
6420 465 3
6421 471 3
6422 465 3
6423 465 2
6424 467 2
6425 475 3
6426 474 2
6427 472 3
6428 465 3
6429 475 3
6430 480 2
6431 470 3
6432 469 3
6433 478 6
6434 474 6
6435 476 6
6436 477 6
6437 484 6
6438 479 6
6439 474 6
6440 478 6
6441 469 6
6442 471 6
6443 460 6
6444 459 6
6445 471 6
6446 463 6
6447 466 6
6448 467 6
6449 473 6
6450 464 6
6451 477 6
6452 475 6
6453 470 6
6454 469 6
6455 471 6
6456 479 6
6457 472 6
6458 474 6
6459 472 6
6460 455 6
6461 471 6
6462 472 6
6463 471 6
6464 474 6
6465 472 6
6466 470 6
6467 474 6
6468 478 6
6469 475 6
6470 459 6
6471 473 6
6472 474 6
6473 487 6
6474 479 6
6475 477 6
6476 475 6
6477 481 6
6478 483 6
6479 474 6
6480 477 6
6481 488 6
6482 490 6
6483 478 6
6484 477 6
6485 482 6
6486 476 6
6487 488 6
6488 482 6
6489 465 6
6490 467 6
6491 467 6
6492 458 6
6493 471 6
6494 462 6
6495 471 6
6496 472 6
6497 475 6
6498 477 6
6499 474 6
6500 480 6
6501 470 6
6502 466 6
6503 473 6
6504 469 6
6505 467 6
6506 479 6
6507 468 6
6508 465 6
6509 468 6
6510 477 6
6511 459 6
6512 482 6
6513 475 6
6514 470 6
6515 480 6
6516 468 6
6517 464 8
6518 471 6
6519 473 6
6520 475 6
6521 468 6
6522 471 6
6523 470 6
6524 471 6
6525 472 6
6526 460 6
6527 474 6
6528 470 6
6529 469 6
6530 469 6
6531 477 6
6532 472 6
6533 479 6
6534 472 6
6535 464 6
6536 474 6
6537 474 6
6538 482 6
6539 479 6
6540 473 6
6541 480 6
6542 480 6
6543 477 6
6544 468 6
6545 477 6
6546 477 6
6547 476 6
6548 472 6
6549 485 6
6550 471 6
6551 463 6
6552 470 6
6553 481 6
6554 471 6
6555 475 6
6556 473 6
6557 469 6
6558 464 6
6559 471 6
6560 472 6
6561 470 6
6562 464 6
6563 468 6
6564 465 6
6565 469 6
6566 465 6
6567 471 6
6568 467 6
6569 469 6
6570 466 6
6571 472 6
6572 471 6
6573 470 6
6574 467 6
6575 470 6
6576 469 6
6577 476 6
6578 474 6
6579 481 6
6580 483 6
6581 485 6
6582 474 6
6583 474 6
6584 482 6
6585 473 6
6586 472 7
6587 470 6
6588 475 6
6589 475 6
6590 472 6
6591 466 6
6592 476 6
6593 470 6
6594 467 6
6595 460 6
6596 467 6
6597 462 6
6598 467 6
6599 465 6
6600 471 6
6601 462 6
6602 470 6
6603 468 6
6604 470 6
6605 451 6
6606 468 6
6607 473 6
6608 461 6
6609 475 6
6610 475 6
6611 465 6
6612 462 6
6613 477 6
6614 471 6
6615 465 6
6616 470 6
6617 464 6
6618 465 6
6619 459 6
6620 460 6
6621 460 6
6622 467 6
6623 460 6
6624 461 6
6625 471 6
6626 470 6
6627 481 6
6628 471 6
6629 458 6
6630 471 6
6631 468 6
6632 469 6
6633 472 6
6634 468 6
6635 472 6
6636 465 6
6637 468 6
6638 457 6
6639 465 6
6640 468 6
6641 468 6
6642 484 6
6643 478 6
6644 474 6
6645 474 6
6646 468 6
6647 474 6
6648 475 7
6649 470 6
6650 477 6
6651 479 6
6652 477 6
6653 471 6
6654 469 6
6655 473 6
6656 470 6
6657 484 6
6658 477 6
6659 478 6
6660 477 6
6661 482 6
6662 481 6
6663 484 6
6664 476 6
6665 468 6
6666 476 6
6667 473 6
6668 473 6
6669 476 6
6670 472 6
6671 471 6
6672 468 6
6673 470 6
6674 475 6
6675 478 6
6676 471 6
6677 476 6
6678 479 6
6679 468 6
6680 470 6
6681 476 6
6682 473 6
6683 483 6
6684 478 6
6685 485 6
6686 485 6
6687 482 6
6688 483 6
6689 481 6
6690 481 6
6691 472 6
6692 477 6
6693 485 6
6694 474 6
6695 476 6
6696 472 6
6697 480 6
6698 475 6
6699 481 6
6700 466 6
6701 475 7
6702 474 7
6703 475 6
6704 474 6
6705 475 6
6706 469 6
6707 478 6
6708 477 6
6709 475 6
6710 478 6
6711 469 6
6712 475 6
6713 473 6
6714 480 6
6715 474 6
6716 471 6
6717 469 6
6718 473 6
6719 478 6
6720 475 6
6721 480 6
6722 480 6
6723 476 6
6724 480 6
6725 464 6
6726 472 6
6727 485 6
6728 478 6
6729 472 6
6730 474 6
6731 472 6
6732 478 6
6733 478 6
6734 464 6
6735 482 6
6736 474 6
6737 480 6
6738 466 6
6739 481 6
6740 470 6
6741 482 6
6742 466 6
6743 471 6
6744 461 6
6745 480 6
6746 475 6
6747 474 6
6748 469 6
6749 473 6
6750 472 6
6751 475 6
6752 483 6
6753 476 6
6754 475 6
6755 477 5
6756 476 6
6757 476 6
6758 473 6
6759 480 6
6760 486 6
6761 471 6
6762 461 6
6763 466 6
6764 477 6
6765 473 6
6766 476 6
6767 479 6
6768 481 7
6769 473 6
6770 473 6
6771 472 6
6772 468 6
6773 477 6
6774 472 6
6775 466 6
6776 466 6
6777 478 6
6778 478 6
6779 489 6
6780 486 6
6781 483 6
6782 482 6
6783 487 6
6784 495 6
6785 463 6
6786 467 6
6787 461 6
6788 475 6
6789 475 6
6790 467 6
6791 473 6
6792 470 6
6793 472 6
6794 470 6
6795 468 6
6796 471 6
6797 484 6
6798 464 6
6799 468 6
6800 475 6
6801 481 6
6802 470 6
6803 479 6
6804 480 6
6805 477 6
6806 479 6
6807 465 6
6808 460 6
6809 480 6
6810 468 6
6811 469 6
6812 481 6
6813 470 6
6814 471 6
6815 461 6
6816 462 6
6817 476 6
6818 471 6
6819 461 6
6820 478 6
6821 482 6
6822 469 6
6823 466 6
6824 472 6
6825 471 6
6826 466 6
6827 471 6
6828 466 6
6829 473 6
6830 473 6
6831 471 7
6832 462 6
6833 472 6
6834 474 6
6835 468 6
6836 471 6
6837 476 6
6838 469 6
6839 475 6
6840 471 6
6841 484 6
6842 479 6
6843 468 6
6844 476 6
6845 465 6
6846 480 6
6847 476 6
6848 472 6
6849 485 6
6850 476 6
6851 478 6
6852 483 6
6853 477 6
6854 483 6
6855 483 6
6856 474 6
6857 480 6
6858 478 6
6859 479 6
6860 484 6
6861 481 6
6862 475 6
6863 484 6
6864 479 6
6865 483 6
6866 475 6
6867 473 6
6868 480 6
6869 479 6
6870 483 6
6871 483 6
6872 484 6
6873 477 6
6874 485 6
6875 475 6
6876 479 6
6877 478 6
6878 483 6
6879 479 6
6880 478 6
6881 487 6
6882 477 6
6883 475 6
6884 472 6
6885 474 6
6886 479 6
6887 469 6
6888 469 6
6889 484 6
6890 483 6
6891 475 6
6892 472 6
6893 478 6
6894 475 6
6895 477 6
6896 473 6
6897 480 6
6898 475 6
6899 488 6
6900 487 6
6901 488 6
6902 481 6
6903 477 6
6904 484 6
6905 478 6
6906 474 6
6907 488 6
6908 474 6
6909 475 6
6910 480 6
6911 489 6
6912 483 6
6913 473 6
6914 475 6
6915 476 6
6916 472 6
6917 475 6
6918 472 6
6919 478 6
6920 485 6
6921 494 6
6922 492 6
6923 488 6
6924 488 6
6925 484 6
6926 477 6
6927 480 6
6928 478 6
6929 479 6
6930 480 6
6931 477 6
6932 464 6
6933 476 6
6934 475 6
6935 476 7
6936 474 6
6937 482 6
6938 476 6
6939 480 6
6940 474 6
6941 473 6
6942 471 6
6943 477 6
6944 478 6
6945 475 6
6946 478 6
6947 477 6
6948 468 6
6949 477 6
6950 477 7
6951 475 6
6952 466 6
6953 474 6
6954 479 6
6955 480 6
6956 475 6
6957 478 6
6958 476 6
6959 476 6
6960 465 6
6961 473 6
6962 470 6
6963 469 6
6964 477 6
6965 480 6
6966 474 6
6967 471 6
6968 472 6
6969 469 6
6970 480 6
6971 469 6
6972 470 6
6973 470 6
6974 467 6
6975 469 6
6976 476 6
6977 474 6
6978 475 6
6979 471 6
6980 473 6
6981 469 6
6982 468 6
6983 467 6
6984 473 6
6985 469 6
6986 479 6
6987 474 6
6988 466 6
6989 473 6
6990 466 6
6991 466 6
6992 473 6
6993 467 6
6994 465 6
6995 470 6
6996 471 6
6997 470 6
6998 466 6
6999 478 6
7000 463 6
7001 476 6
7002 476 6
7003 481 6
7004 477 6
7005 484 6
7006 476 6
7007 478 6
7008 475 6
7009 483 3
7010 477 3
7011 476 3
7012 486 3
7013 485 3
7014 472 3
7015 478 3
7016 475 3
7017 479 3
7018 488 3
7019 477 3
7020 484 3
7021 481 3
7022 488 3
7023 475 3
7024 477 3
7025 476 6
7026 471 7
7027 483 6
7028 486 6
7029 479 6
7030 475 6
7031 477 6
7032 474 3
7033 476 6
7034 479 6
7035 476 6
7036 467 6
7037 472 6
7038 477 6
7039 472 6
7040 469 6
7041 465 6
7042 474 6
7043 467 6
7044 469 6
7045 468 6
7046 465 6
7047 473 6
7048 471 6
7049 476 6
7050 469 6
7051 474 6
7052 472 6
7053 468 6
7054 475 6
7055 470 6
7056 469 6
7057 465 6
7058 465 6
7059 470 6
7060 472 6
7061 476 6
7062 466 6
7063 471 6
7064 469 6
7065 474 6
7066 481 6
7067 473 6
7068 474 6
7069 471 6
7070 476 6
7071 477 6
7072 464 6
7073 470 6
7074 460 6
7075 466 6
7076 460 6
7077 470 6
7078 465 6
7079 458 6
7080 461 6
7081 463 6
7082 465 6
7083 465 6
7084 464 6
7085 468 6
7086 470 6
7087 460 6
7088 468 6
7089 473 6
7090 461 6
7091 465 6
7092 469 7
7093 467 6
7094 465 6
7095 467 6
7096 467 6
7097 465 6
7098 467 6
7099 462 6
7100 470 6
7101 462 6
7102 472 6
7103 466 6
7104 464 7
7105 470 6
7106 478 6
7107 471 6
7108 478 6
7109 464 6
7110 479 6
7111 479 6
7112 473 6
7113 478 6
7114 473 6
7115 481 6
7116 483 6
7117 481 6
7118 483 6
7119 481 6
7120 474 6
7121 465 6
7122 482 6
7123 476 6
7124 466 6
7125 478 6
7126 481 6
7127 470 6
7128 470 6
7129 480 6
7130 476 6
7131 476 6
7132 477 6
7133 476 6
7134 479 6
7135 486 7
7136 480 8
7137 473 4
7138 487 4
7139 492 2
7140 478 4
7141 479 6
7142 479 4
7143 476 4
7144 471 4
7145 474 4
7146 468 4
7147 471 5
7148 474 2
7149 475 4
7150 471 4
7151 472 4
7152 481 4
7153 475 2
7154 469 4
7155 486 4
7156 485 4
7157 482 4
7158 484 4
7159 477 4
7160 475 4
7161 471 4
7162 472 4
7163 479 4
7164 479 4
7165 468 5
7166 475 4
7167 471 2
7168 470 4
7169 469 13
7170 472 9
7171 465 13
7172 475 13
7173 472 3
7174 475 13
7175 472 2
7176 468 2
7177 485 14
7178 480 2
7179 481 2
7180 486 13
7181 480 13
7182 476 13
7183 477 13
7184 479 13
7185 470 4
7186 473 4
7187 468 4
7188 466 4
7189 463 4
7190 478 4
7191 474 4
7192 471 4
7193 475 4
7194 460 4
7195 468 4
7196 475 4
7197 470 4
7198 467 4
7199 471 2
7200 462 4
7201 471 9
7202 470 3
7203 476 4
7204 474 4
7205 478 4
7206 470 4
7207 469 4
7208 467 4
7209 482 4
7210 475 4
7211 477 4
7212 469 4
7213 481 4
7214 477 4
7215 474 4
7216 477 9
7217 494 4
7218 495 3
7219 481 4
7220 479 4
7221 489 4
7222 474 4
7223 474 3
7224 490 4
7225 474 4
7226 467 4
7227 483 4
7228 480 4
7229 475 4
7230 469 4
7231 470 4
7232 470 4
7233 464 2
7234 472 7
7235 464 8
7236 474 7
7237 465 8
7238 468 8
7239 471 6
7240 465 7
7241 461 8
7242 465 8
7243 468 8
7244 460 8
7245 457 7
7246 462 7
7247 466 8
7248 464 7
7249 472 4
7250 468 2
7251 460 4
7252 475 4
7253 467 4
7254 469 4
7255 469 4
7256 464 2
7257 460 4
7258 468 4
7259 469 4
7260 467 4
7261 466 2
7262 460 4
7263 460 2
7264 466 4
7265 471 9
7266 475 7
7267 470 6
7268 477 6
7269 471 6
7270 480 6
7271 480 6
7272 472 6
7273 477 6
7274 486 6
7275 485 6
7276 460 6
7277 478 6
7278 480 6
7279 467 8
7280 475 6
7281 475 6
7282 462 6
7283 473 6
7284 474 6
7285 468 6
7286 471 6
7287 470 6
7288 469 6
7289 476 6
7290 470 6
7291 474 6
7292 480 6
7293 477 7
7294 471 6
7295 473 6
7296 465 7
7297 460 6
7298 462 6
7299 458 6
7300 468 6
7301 462 6
7302 466 6
7303 469 6
7304 467 6
7305 469 6
7306 474 6
7307 469 6
7308 471 6
7309 465 6
7310 469 6
7311 475 6
7312 471 6
7313 475 6
7314 474 6
7315 470 6
7316 466 6
7317 474 6
7318 470 6
7319 477 6
7320 467 6
7321 468 6
7322 470 6
7323 461 6
7324 465 6
7325 461 6
7326 465 6
7327 464 6
7328 471 6
7329 484 6
7330 484 6
7331 484 6
7332 470 6
7333 478 6
7334 478 6
7335 486 6
7336 482 6
7337 478 6
7338 480 6
7339 479 6
7340 482 6
7341 471 6
7342 472 6
7343 474 6
7344 481 6
7345 483 6
7346 489 6
7347 494 6
7348 486 6
7349 492 6
7350 487 6
7351 484 6
7352 490 6
7353 483 6
7354 483 6
7355 480 6
7356 477 6
7357 481 6
7358 484 7
7359 491 6
7360 477 6
7361 464 6
7362 469 6
7363 476 6
7364 469 6
7365 462 6
7366 467 6
7367 463 6
7368 468 6
7369 448 6
7370 466 6
7371 458 6
7372 455 6
7373 460 6
7374 460 6
7375 472 6
7376 466 6
7377 473 6
7378 475 6
7379 467 6
7380 467 6
7381 478 6
7382 467 6
7383 466 6
7384 474 6
7385 478 6
7386 467 6
7387 469 6
7388 467 6
7389 460 6
7390 467 6
7391 466 6
7392 470 6
7393 473 6
7394 480 6
7395 487 6
7396 476 6
7397 477 6
7398 477 6
7399 473 6
7400 469 6
7401 465 6
7402 470 6
7403 460 6
7404 468 6
7405 477 6
7406 467 6
7407 476 6
7408 472 6
7409 461 6
7410 467 6
7411 470 6
7412 474 6
7413 472 6
7414 467 6
7415 472 6
7416 473 6
7417 475 6
7418 480 6
7419 470 6
7420 475 6
7421 483 6
7422 481 6
7423 476 6
7424 477 6
7425 480 6
7426 471 2
7427 476 6
7428 477 6
7429 469 6
7430 477 6
7431 472 7
7432 469 6
7433 481 6
7434 479 6
7435 476 6
7436 482 7
7437 479 6
7438 475 6
7439 476 6
7440 480 7
7441 475 6
7442 488 6
7443 466 6
7444 473 6
7445 472 6
7446 471 6
7447 475 6
7448 475 6
7449 475 6
7450 480 6
7451 480 6
7452 481 6
7453 473 6
7454 479 6
7455 479 6
7456 473 6
7457 458 6
7458 474 6
7459 466 6
7460 462 6
7461 471 6
7462 465 6
7463 465 6
7464 468 6
7465 473 6
7466 475 6
7467 477 6
7468 469 6
7469 474 6
7470 482 6
7471 468 6
7472 473 6
7473 473 6
7474 476 6
7475 479 6
7476 476 6
7477 469 6
7478 470 6
7479 471 6
7480 478 6
7481 466 6
7482 473 6
7483 474 6
7484 482 6
7485 476 6
7486 478 6
7487 478 6
7488 474 6
7489 477 3
7490 479 3
7491 480 3
7492 479 3
7493 484 3
7494 476 3
7495 477 3
7496 476 3
7497 479 3
7498 476 3
7499 483 3
7500 474 3
7501 481 3
7502 473 3
7503 480 3
7504 472 3
7505 475 6
7506 485 6
7507 484 6
7508 477 6
7509 483 6
7510 483 6
7511 489 6
7512 482 6
7513 475 6
7514 487 6
7515 470 6
7516 475 6
7517 485 7
7518 482 6
7519 493 8
7520 479 6
7521 472 6
7522 472 6
7523 466 6
7524 475 6
7525 472 6
7526 468 6
7527 475 6
7528 471 6
7529 471 6
7530 476 6
7531 476 6
7532 482 6
7533 477 7
7534 466 7
7535 468 6
7536 471 6
7537 467 3
7538 473 3
7539 464 2
7540 478 2
7541 471 2
7542 472 3
7543 470 2
7544 469 3
7545 475 2
7546 464 2
7547 464 3
7548 465 2
7549 469 3
7550 471 2
7551 473 3
7552 470 2
7553 462 6
7554 469 7
7555 468 6
7556 473 6
7557 474 6
7558 475 6
7559 472 6
7560 479 6
7561 471 6
7562 469 6
7563 471 6
7564 470 6
7565 477 6
7566 468 6
7567 479 6
7568 478 8
7569 477 6
7570 469 6
7571 470 6
7572 488 6
7573 468 6
7574 475 6
7575 473 6
7576 478 6
7577 469 6
7578 466 6
7579 475 6
7580 466 6
7581 465 6
7582 468 6
7583 461 6
7584 465 6
7585 460 7
7586 472 6
7587 477 6
7588 462 6
7589 468 6
7590 471 9
7591 468 6
7592 465 6
7593 466 6
7594 466 6
7595 478 6
7596 475 6
7597 474 6
7598 476 6
7599 479 6
7600 475 7
7601 475 6
7602 472 6
7603 470 6
7604 481 6
7605 477 6
7606 474 6
7607 480 6
7608 470 7
7609 465 6
7610 468 6
7611 459 6
7612 466 6
7613 474 6
7614 471 6
7615 463 7
7616 468 6
7617 470 6
7618 476 7
7619 461 6
7620 480 6
7621 468 6
7622 477 6
7623 474 6
7624 468 6
7625 478 6
7626 479 6
7627 475 6
7628 476 6
7629 479 6
7630 468 6
7631 480 6
7632 482 6
7633 468 7
7634 475 6
7635 474 7
7636 468 6
7637 472 6
7638 481 6
7639 471 7
7640 472 7
7641 471 6
7642 470 6
7643 483 6
7644 469 7
7645 477 6
7646 468 6
7647 476 6
7648 476 6
7649 468 7
7650 484 6
7651 476 6
7652 478 6
7653 473 6
7654 473 6
7655 478 6
7656 477 6
7657 479 6
7658 477 6
7659 474 6
7660 477 6
7661 474 6
7662 472 6
7663 476 6
7664 474 6
7665 477 6
7666 478 6
7667 480 6
7668 477 6
7669 475 6
7670 468 6
7671 464 6
7672 473 7
7673 479 7
7674 472 6
7675 472 6
7676 475 6
7677 473 6
7678 462 6
7679 474 6
7680 466 6
7681 466 6
7682 479 6
7683 468 6
7684 469 6
7685 471 6
7686 457 6
7687 465 6
7688 469 6
7689 476 6
7690 475 6
7691 472 6
7692 474 6
7693 478 6
7694 474 6
7695 480 6
7696 473 6
7697 455 6
7698 476 6
7699 477 6
7700 467 6
7701 459 6
7702 471 6
7703 464 6
7704 468 6
7705 465 6
7706 482 6
7707 477 6
7708 474 6
7709 477 6
7710 483 6
7711 467 6
7712 469 6
7713 470 3
7714 472 3
7715 462 2
7716 461 3
7717 456 2
7718 462 2
7719 459 2
7720 466 3
7721 475 2
7722 479 2
7723 474 3
7724 476 2
7725 481 3
7726 470 3
7727 469 3
7728 471 3
7729 471 6
7730 471 6
7731 479 6
7732 470 6
7733 466 6
7734 466 6
7735 461 6
7736 473 6
7737 470 6
7738 457 6
7739 461 6
7740 464 6
7741 474 6
7742 474 6
7743 469 6
7744 470 6
7745 481 6
7746 485 6
7747 485 6
7748 483 6
7749 484 6
7750 484 6
7751 488 6
7752 489 6
7753 467 6
7754 485 6
7755 473 6
7756 478 6
7757 476 6
7758 469 6
7759 484 6
7760 473 6
7761 478 6
7762 479 6
7763 477 5
7764 490 6
7765 477 6
7766 480 6
7767 477 5
7768 479 6
7769 480 6
7770 480 6
7771 479 6
7772 483 6
7773 478 6
7774 482 6
7775 481 6
7776 480 6
7777 473 6
7778 470 6
7779 478 6
7780 469 6
7781 476 6
7782 473 6
7783 471 6
7784 474 6
7785 480 6
7786 473 6
7787 478 6
7788 472 6
7789 476 6
7790 469 6
7791 469 6
7792 471 6
7793 473 6
7794 472 6
7795 478 6
7796 471 6
7797 480 6
7798 469 6
7799 465 6
7800 471 6
7801 475 6
7802 483 6
7803 467 6
7804 477 6
7805 479 6
7806 472 6
7807 463 6
7808 476 6
7809 481 6
7810 493 6
7811 483 6
7812 489 6
7813 482 6
7814 487 6
7815 474 6
7816 480 6
7817 485 6
7818 483 6
7819 482 6
7820 477 6
7821 487 6
7822 483 6
7823 479 6
7824 481 6
7825 480 6
7826 472 6
7827 476 6
7828 476 6
7829 476 6
7830 478 6
7831 475 6
7832 474 6
7833 486 6
7834 487 6
7835 490 6
7836 494 6
7837 486 6
7838 486 6
7839 483 6
7840 496 6
7841 477 6
7842 479 6
7843 472 6
7844 480 7
7845 471 7
7846 476 6
7847 475 6
7848 476 6
7849 474 6
7850 479 6
7851 469 6
7852 468 6
7853 468 6
7854 472 6
7855 480 6
7856 471 6
7857 482 6
7858 482 6
7859 482 6
7860 480 6
7861 479 6
7862 478 6
7863 479 6
7864 484 6
7865 480 6
7866 482 6
7867 488 6
7868 475 6
7869 474 6
7870 469 6
7871 488 6
7872 480 6
7873 473 6
7874 470 6
7875 467 6
7876 470 6
7877 466 6
7878 462 6
7879 469 6
7880 469 6
7881 465 6
7882 468 6
7883 466 6
7884 461 6
7885 463 6
7886 461 6
7887 454 6
7888 468 6
7889 471 6
7890 464 6
7891 469 6
7892 475 6
7893 467 6
7894 463 6
7895 465 6
7896 464 6
7897 477 6
7898 471 6
7899 474 6
7900 472 6
7901 469 6
7902 476 6
7903 467 6
7904 461 6
7905 478 6
7906 477 6
7907 473 6
7908 479 6
7909 480 6
7910 479 6
7911 482 6
7912 481 6
7913 471 6
7914 474 6
7915 478 6
7916 469 6
7917 471 6
7918 476 6
7919 475 6
7920 476 6
7921 474 6
7922 472 6
7923 464 6
7924 477 6
7925 473 6
7926 471 6
7927 473 6
7928 472 6
7929 466 6
7930 469 6
7931 471 6
7932 470 6
7933 474 7
7934 467 6
7935 470 6
7936 476 6
7937 472 6
7938 466 6
7939 470 6
7940 474 6
7941 467 6
7942 467 6
7943 476 6
7944 476 6
7945 468 7
7946 473 6
7947 460 6
7948 471 6
7949 472 6
7950 466 6
7951 479 6
7952 477 6
7953 483 7
7954 485 6
7955 487 6
7956 478 6
7957 476 6
7958 482 6
7959 475 7
7960 484 6
7961 474 6
7962 468 6
7963 478 6
7964 470 6
7965 477 6
7966 472 6
7967 472 6
7968 469 6
7969 466 6
7970 463 6
7971 468 6
7972 474 6
7973 471 6
7974 470 6
7975 468 6
7976 464 6
7977 462 6
7978 466 6
7979 468 6
7980 463 6
7981 475 6
7982 467 6
7983 473 6
7984 463 6
7985 473 6
7986 465 6
7987 473 6
7988 471 6
7989 459 6
7990 466 6
7991 465 6
7992 472 6
7993 475 6
7994 466 6
7995 471 6
7996 464 6
7997 461 6
7998 471 6
7999 467 6
8000 463 6
8001 480 6
8002 483 6
8003 480 6
8004 488 6
8005 487 6
8006 487 6
8007 476 6
8008 484 7
8009 470 6
8010 468 6
8011 475 6
8012 468 6
8013 475 6
8014 468 6
8015 478 6
8016 478 6
8017 472 6
8018 472 6
8019 467 6
8020 474 6
8021 479 6
8022 477 6
8023 472 6
8024 470 6
8025 481 7
8026 478 6
8027 479 6
8028 483 6
8029 480 6
8030 471 6
8031 478 6
8032 473 6
8033 472 6
8034 473 6
8035 469 6
8036 469 6
8037 460 6
8038 471 6
8039 477 6
8040 474 6
8041 479 6
8042 478 6
8043 474 6
8044 476 6
8045 479 6
8046 475 6
8047 476 6
8048 475 6
8049 478 6
8050 480 6
8051 484 6
8052 478 6
8053 471 6
8054 484 6
8055 475 6
8056 468 6
8057 470 6
8058 474 6
8059 475 6
8060 476 6
8061 479 6
8062 468 6
8063 476 6
8064 467 6
8065 484 6
8066 478 6
8067 483 6
8068 472 6
8069 480 6
8070 481 6
8071 474 6
8072 478 6
8073 483 6
8074 487 6
8075 484 6
8076 491 6
8077 486 6
8078 480 6
8079 481 6
8080 488 6
8081 473 6
8082 469 6
8083 477 6
8084 468 6
8085 469 6
8086 476 6
8087 473 6
8088 473 6
8089 483 6
8090 482 6
8091 483 6
8092 474 6
8093 471 6
8094 470 6
8095 483 6
8096 484 6
8097 487 6
8098 476 6
8099 487 6
8100 485 6
8101 487 6
8102 486 6
8103 479 6
8104 477 6
8105 478 6
8106 481 6
8107 480 6
8108 478 6
8109 488 6
8110 476 6
8111 483 6
8112 469 6
8113 482 6
8114 472 6
8115 483 6
8116 475 6
8117 482 6
8118 482 6
8119 481 6
8120 474 6
8121 471 6
8122 471 6
8123 470 6
8124 464 6
8125 477 6
8126 470 6
8127 477 6
8128 480 6
8129 471 6
8130 470 6
8131 472 6
8132 468 6
8133 472 6
8134 469 6
8135 468 6
8136 468 6
8137 466 6
8138 473 6
8139 475 7
8140 475 6
8141 478 6
8142 467 6
8143 474 6
8144 469 6
8145 466 6
8146 464 6
8147 467 6
8148 461 6
8149 461 6
8150 464 6
8151 457 6
8152 462 6
8153 474 6
8154 472 6
8155 455 6
8156 465 6
8157 463 6
8158 462 6
8159 467 6
8160 453 6
8161 470 6
8162 475 6
8163 473 6
8164 473 6
8165 467 6
8166 466 6
8167 471 6
8168 465 6
8169 470 6
8170 472 6
8171 472 6
8172 467 6
8173 470 6
8174 462 6
8175 473 6
8176 464 6
8177 474 6
8178 474 6
8179 467 7
8180 468 6
8181 468 6
8182 466 6
8183 466 6
8184 472 6
8185 480 6
8186 481 6
8187 478 6
8188 466 6
8189 475 6
8190 467 6
8191 470 6
8192 482 6
8193 461 2
8194 454 2
8195 466 2
8196 458 2
8197 464 3
8198 467 3
8199 465 3
8200 466 3
8201 477 2
8202 477 3
8203 464 3
8204 468 3
8205 468 2
8206 463 3
8207 470 2
8208 473 2
8209 462 6
8210 464 6
8211 460 6
8212 469 6
8213 454 6
8214 464 6
8215 465 6
8216 461 6
8217 465 6
8218 471 6
8219 465 6
8220 473 6
8221 481 6
8222 464 6
8223 468 6
8224 463 6
8225 484 6
8226 469 6
8227 479 6
8228 469 6
8229 467 6
8230 472 6
8231 480 6
8232 471 6
8233 475 6
8234 470 6
8235 479 6
8236 470 6
8237 477 6
8238 471 6
8239 478 6
8240 480 6
8241 479 6
8242 470 6
8243 468 6
8244 473 6
8245 471 6
8246 475 6
8247 471 6
8248 472 6
8249 465 6
8250 478 6
8251 470 6
8252 475 6
8253 474 6
8254 477 6
8255 474 6
8256 475 6
