run,subrun,event,x,y,z
1,2,27,162.808,0.0,618.3
1,2,39,188.048,0.0,926.4
1,4,61,131.049,0.0,555.3
1,9,166,37.2753,0.0,527.7
1,9,175,17.2726,0.0,425.4
1,13,257,193.118,0.0,656.4
1,14,277,13.0937,0.0,893.4
1,20,386,151.943,0.0,194.7
1,21,404,78.8966,0.0,951.9
1,24,476,149.826,0.0,469.5
1,25,500,141.022,0.0,528.9
1,29,568,107.703,0.0,642
1,32,622,177.852,0.0,944.4
1,33,644,33.0407,0.0,763.2
1,33,654,74.3277,0.0,856.8
1,36,704,14.5981,0.0,67.2
1,38,743,65.1343,0.0,575.7
1,44,873,88.8144,0.0,945.6
1,48,944,198.133,0.0,978.6
1,48,958,161.471,0.0,479.4
1,50,996,30.2548,0.0,655.8
1,53,1043,241.036,0.0,953.4
1,53,1044,136.063,0.0,528.3
1,56,1101,169.104,0.0,954.6
1,57,1130,168.825,0.0,1001.4
1,57,1135,149.268,0.0,303.6
1,57,1138,106.588,0.0,497.4
1,57,1139,120.072,0.0,758.7
1,58,1143,-2.89733,0.0,480.9
1,58,1144,62.0698,0.0,168.9
1,58,1159,130.157,0.0,606.9
1,61,1209,181.028,0.0,544.5
1,64,1278,117.621,0.0,779.1
1,65,1290,2.11728,0.0,647.1
1,65,1299,99.1222,0.0,395.4
1,68,1352,220.309,0.0,607.5
1,71,1418,116.562,0.0,781.2
1,72,1427,33.5979,0.0,461.4
1,72,1437,263.379,0.0,148.2
1,74,1480,52.7649,0.0,791.4
1,77,1531,231.397,0.0,144.9
1,84,1675,122.747,0.0,952.8
1,87,1725,45.4101,0.0,162.3
1,88,1746,197.353,0.0,501
1,89,1774,222.482,0.0,203.7
1,91,1818,41.2313,0.0,215.1
1,92,1836,251.845,0.0,189.9
1,94,1865,210.558,0.0,189
1,94,1867,68.9788,0.0,965.4
1,97,1931,151.386,0.0,530.4
1,98,1955,270.455,0.0,644.7
1,99,1962,177.239,0.0,490.2
1,102,2031,-1.05864,0.0,586.5
1,103,2048,158.852,0.0,309.9
1,108,2159,77.5594,0.0,796.2
1,109,2170,51.5391,0.0,978.3
1,110,2184,-1.00292,0.0,602.1
1,111,2208,167.154,0.0,941.4
1,114,2263,267.39,0.0,998.1
1,116,2319,63.407,0.0,591
1,117,2327,261.15,0.0,670.2
1,118,2347,134.893,0.0,605.1
1,120,2385,135.283,0.0,978
1,121,2410,142.248,0.0,456.3
1,123,2448,228.221,0.0,591
1,124,2469,193.564,0.0,505.8
1,126,2513,59.3396,0.0,993
1,127,2530,101.184,0.0,302.7
1,135,2699,130.213,0.0,593.1
1,136,2708,49.7561,0.0,160.5
1,136,2711,169.438,0.0,48.3
1,136,2713,176.124,0.0,898.5
1,140,2789,156.512,0.0,128.1
1,140,2797,118.679,0.0,758.7
1,141,2804,98.8993,0.0,545.1
1,148,2948,16.4925,0.0,502.5
1,150,2988,101.24,0.0,625.8
1,156,3119,116.451,0.0,63.6
1,160,3181,267.613,0.0,459.6
1,169,3362,139.685,0.0,264.9
1,171,3413,199.08,0.0,1001.4
1,176,3505,16.2139,0.0,540
1,177,3525,166.541,0.0,636.9
1,177,3527,124.53,0.0,645.9
1,178,3542,186.934,0.0,567
1,178,3551,98.7879,0.0,579.3
1,181,3607,146.148,0.0,958.8
1,189,3766,221.423,0.0,174.9
1,189,3775,261.317,0.0,575.4
1,192,3830,191.725,0.0,591
1,195,3881,17.3283,0.0,505.8
1,195,3893,228.165,0.0,951.3
1,198,3956,272.572,0.0,195.6
1,200,3993,155.342,0.0,601.5
1,202,4029,55.2722,0.0,193.2
1,203,4046,269.396,0.0,330.6
1,204,4068,123.36,0.0,609
1,204,4071,18.164,0.0,535.2
1,207,4124,151.776,0.0,786.3
1,208,4145,12.9266,0.0,948.3
1,208,4160,177.016,0.0,941.4
1,209,4176,93.9405,0.0,905.4
1,210,4200,37.4982,0.0,574.2
1,214,4263,46.9702,0.0,908.1
1,214,4274,60.1197,0.0,510
1,215,4288,187.101,0.0,64.2
1,216,4306,1.72726,0.0,215.7
1,216,4312,-2.39587,0.0,619.5
1,217,4323,64.3542,0.0,931.5
1,217,4326,174.564,0.0,425.7
1,217,4329,10.865,0.0,303.9
1,219,4371,4.40172,0.0,232.8
1,221,4407,69.2017,0.0,214.2
1,223,4460,130.937,0.0,623.4
1,224,4471,150.494,0.0,492.6
1,224,4478,229.502,0.0,439.5
1,235,4682,197.13,0.0,236.4
1,235,4685,100.794,0.0,674.7
1,235,4695,122.802,0.0,152.1
1,236,4709,105.028,0.0,167.7
1,236,4713,157.96,0.0,622.8
1,239,4769,39.504,0.0,694.8
1,242,4837,131.94,0.0,798.3
1,244,4863,46.0787,0.0,971.4
1,247,4932,192.505,0.0,173.7
1,250,4995,237.971,0.0,499.5
1,254,5062,46.6359,0.0,957.9
1,256,5103,177.796,0.0,649.5
1,258,5142,63.0727,0.0,85.2
1,261,5205,155.732,0.0,632.7
1,262,5231,74.3277,0.0,445.5
1,262,5236,161.638,0.0,598.5
1,262,5238,130.491,0.0,465.3
1,264,5273,200.919,0.0,41.7
1,266,5317,115.67,0.0,203.1
1,267,5325,264.772,0.0,614.4
1,269,5370,233.96,0.0,495.9
1,269,5373,10.3078,0.0,530.7
1,271,5407,225.769,0.0,763.2
1,276,5512,200.362,0.0,891.9
1,277,5537,198.133,0.0,935.1
1,288,5748,108.594,0.0,332.7
1,292,5824,117.231,0.0,979.8
1,294,5867,168.881,0.0,520.8
1,299,5965,237.47,0.0,253.5
1,301,6017,274.912,0.0,656.7
1,304,6067,211.617,0.0,569.7
1,308,6152,182.309,0.0,478.8
1,308,6160,42.4014,0.0,528.6
1,310,6182,24.8502,0.0,508.8
1,310,6194,202.2,0.0,161.4
1,311,6219,243.599,0.0,443.1
1,323,6459,85.0813,0.0,253.5
1,330,6598,68.8674,0.0,906.9
1,331,6612,236.021,0.0,305.1
1,336,6710,133.779,0.0,552.6
1,340,6786,117.453,0.0,1002
1,347,6940,40.3398,0.0,944.7
1,354,7077,74.3835,0.0,604.5
1,356,7116,238.584,0.0,225
1,359,7171,66.4715,0.0,891.6
1,361,7205,67.6416,0.0,157.2
1,361,7213,239.197,0.0,975.3
1,363,7244,168.881,0.0,166.2
1,363,7251,243.32,0.0,189.3
1,363,7253,178.743,0.0,938.4
1,366,7311,65.6357,0.0,976.5
1,370,7391,216.241,0.0,645.9
1,370,7393,268.17,0.0,372.3
1,371,7414,249.505,0.0,570.3
1,373,7451,271.681,0.0,767.7
1,373,7453,-1.50438,0.0,191.4
1,376,7508,19.8356,0.0,174.6
1,379,7564,23.2344,0.0,203.1
1,382,7640,250.675,0.0,501
1,386,7713,94.0519,0.0,524.4
1,392,7823,99.0665,0.0,644.7
1,392,7828,130.491,0.0,561.6
1,395,7886,64.7442,0.0,651.9
1,399,7979,17.4397,0.0,330.3
1,400,7993,134.225,0.0,151.5
1,403,8042,183.591,0.0,612
1,406,8120,75.2749,0.0,984.3
1,407,8126,147.485,0.0,609.6
1,407,8138,98.0636,0.0,567.9
1,412,8234,213.121,0.0,188.7
1,417,8337,177.963,0.0,267.9
1,419,8374,205.822,0.0,605.4
1,422,8433,38.3339,0.0,485.4
1,422,8437,7.02046,0.0,582.9
1,426,8510,80.3453,0.0,981
1,430,8584,57.5566,0.0,538.2
1,431,8606,-4.23456,0.0,203.1
1,436,8716,5.12605,0.0,633.3
1,438,8745,65.0786,0.0,681.3
1,439,8778,148.711,0.0,926.4
1,440,8787,165.037,0.0,563.7
1,441,8804,89.7059,0.0,201.6
1,442,8832,64.0756,0.0,475.8
1,443,8850,113.386,0.0,988.5
1,448,8943,209.388,0.0,656.7
1,452,9028,102.688,0.0,466.2
1,452,9030,151.497,0.0,154.2
1,464,9274,72.6562,0.0,978.9
1,465,9288,194.846,0.0,957.3
1,469,9367,43.1814,0.0,600.3
1,470,9390,219.027,0.0,266.1
1,471,9403,35.3252,0.0,656.1
1,472,9440,159.409,0.0,542.1
1,473,9444,12.1465,0.0,184.5
1,475,9485,177.016,0.0,551.4
1,479,9563,156.902,0.0,608.4
1,485,9694,156.456,0.0,600.6
1,487,9732,52.152,0.0,572.4
1,489,9775,48.8089,0.0,619.5
1,493,9854,19.7799,0.0,217.5
1,499,9966,142.304,0.0,160.8
1,501,10002,92.9375,0.0,618.3
1,501,10007,261.763,0.0,373.8
1,502,10025,45.7444,0.0,647.7
1,505,10085,92.2689,0.0,769.5
1,507,10131,19.5013,0.0,142.8
1,510,10190,176.849,0.0,372.9
1,511,10211,0.167154,0.0,570.6
1,514,10275,65.6915,0.0,984.6
1,522,10424,3.90026,0.0,504
1,523,10453,52.7649,0.0,948.6
1,524,10466,272.739,0.0,502.5
1,524,10467,243.822,0.0,549.3
1,525,10491,33.4308,0.0,315.6
1,527,10526,172.113,0.0,624.3
1,527,10533,78.7295,0.0,992.7
1,527,10536,234.461,0.0,363.6
1,532,10639,14.0409,0.0,648.3
1,533,10657,47.2488,0.0,495.9
1,537,10729,40.5627,0.0,491.1
1,540,10800,55.1608,0.0,320.7
1,541,10807,173.561,0.0,334.5
1,544,10868,0.668615,0.0,967.2
1,544,10876,138.571,0.0,868.2
1,546,10912,158.629,0.0,897.9
1,548,10954,268.338,0.0,643.2
1,557,11133,232.121,0.0,645.3
1,557,11140,107.257,0.0,566.4
1,560,11191,236.133,0.0,640.2
1,564,11280,20.0027,0.0,220.8
1,565,11287,171.5,0.0,790.8
1,565,11294,180.192,0.0,775.8
1,569,11367,175.902,0.0,568.5
1,569,11369,241.983,0.0,71.1
1,569,11371,87.0314,0.0,747
1,569,11380,253.349,0.0,1002
1,571,11410,-2.95305,0.0,618.6
1,577,11525,193.954,0.0,792.3
1,578,11552,13.4837,0.0,506.1
1,578,11557,230.672,0.0,607.2
1,579,11561,192.45,0.0,43.2
1,592,11828,214.235,0.0,528
1,596,11913,206.212,0.0,460.8
1,600,11984,62.6827,0.0,649.2
1,600,11994,-1.39295,0.0,981.3
1,600,11997,218.359,0.0,339
1,602,12025,134.392,0.0,502.8
1,603,12059,120.295,0.0,590.7
1,605,12087,168.77,0.0,646.5
1,605,12098,215.628,0.0,428.7
1,607,12122,161.861,0.0,572.1
1,609,12172,94.5533,0.0,971.4
1,613,12248,242.763,0.0,38.1
1,614,12262,30.6449,0.0,579.3
1,614,12267,248.168,0.0,610.5
1,614,12279,27.9147,0.0,547.5
1,617,12334,42.1785,0.0,473.4
1,622,12432,270.956,0.0,296.1
1,626,12507,98.7322,0.0,225.9
1,626,12514,36.6624,0.0,153
1,630,12585,44.1286,0.0,445.5
1,630,12594,144.588,0.0,997.2
1,635,12695,73.2691,0.0,587.4
1,636,12706,28.6947,0.0,166.5
1,636,12713,201.866,0.0,261.9
1,636,12717,35.4366,0.0,561.3
1,641,12807,252.347,0.0,992.7
1,643,12857,269.285,0.0,48
1,649,12961,15.3782,0.0,66.6
1,649,12980,219.584,0.0,430.2
1,653,13044,101.017,0.0,612.3
1,654,13063,181.585,0.0,500.7
1,656,13106,139.128,0.0,164.1
1,660,13193,85.1927,0.0,606
1,662,13225,167.488,0.0,532.2
1,668,13346,10.865,0.0,903.6
1,668,13347,214.291,0.0,590.1
1,678,13544,91.656,0.0,696.9
1,681,13614,268.783,0.0,445.8
1,686,13701,86.1399,0.0,787.8
1,687,13722,68.143,0.0,952.2
1,687,13726,265.997,0.0,241.2
1,687,13729,3.95597,0.0,765.9
1,688,13758,228.778,0.0,465

